289 9730
104 9877
350 10051
85 10405
244 10830
302 11387
563 11756
388 12397
264 12820
523 13055 536
77 11794
263 14750
361 17411
137 17438
71 17484
405 18210
547 18238
533 18388
391 19414
411 19503 458
467 2350
277 3031
539 5106
125 5246
271 5772
175 6790
511 6804
291 6922
113 7550
311 7572 532
452 9473
321 13061
96 13152
170 13281
38 15574
543 15605
193 15852
428 16585
304 16958
297 17455 610
565 8568
93 9849
339 10018
435 10081
315 10423
461 11274
323 11317
238 11354
403 11357
345 11557 419
291 5004
511 6924
68 7052
175 7096
270 7226
539 7272
212 7396
209 7397
232 7415
153 7426 385
55 10727
273 11596
155 12322
370 15593
345 15653
173 15948
355 15964
228 16055
163 16116
227 16199 373
265 13717
283 14733
111 15156
461 17237
151 17669
341 18180
583 18346
110 19820
385 19990
425 20545 378
540 18189
470 18389
313 19869
517 20490
533 21715
381 21848
482 21932
481 21967
475 22241
486 22775 354
88 13969
378 15167
16 15546
338 16433
526 16848
224 17139
412 17774
264 17929
168 18050
184 18297 344
525 7905
89 10254
119 13963
193 14201
459 14580
81 15403
360 15869
327 16104
235 16135
297 16458 354
489 10265
300 12578
219 13173
222 13217
81 13949
535 14344
255 14819
595 15340
593 15950
107 16111 354
117 7814
363 7996
171 8936
163 9067
351 9117
5 9125
483 10558
390 10786
228 10802
551 10831 344
583 10058
327 11740
525 11825
119 11863
217 12005
89 13600
360 13915
235 14425
321 15184
193 16223 368
451 7037
153 7321
209 7374
212 7821
252 8187
383 8195
232 8600
185 8759
573 8847
367 8946 503
317 11331
285 15085
255 15337
51 17466
397 18477
333 18725
499 18803
431 18990
69 18996
229 19115 411
351 7889
345 9330
335 9512
363 9980
551 10189
163 10329
565 10719
323 10878
435 11020
429 11259 557
563 10254
53 11548
523 11609
372 14399
350 15105
85 16255
215 16620
244 17820
468 18080
264 18764 587
31 19099
453 21695
441 21897
251 23081
597 23384
465 24428
13 24975
299 25342
87 26437
487 26730 402
93 5187
337 5880
403 6693
218 7394
373 8453
339 8494
355 9372
290 9488
315 9779
343 9813 398
472 9998
34 10572
168 11453
184 12972
320 13014
196 13016
424 13187
526 13465
306 13844
338 13862 437
107 7913
187 8648
219 9167
239 9940
161 10544
255 11033
431 11188
499 12003
432 12249
535 12298 433
489 9462
507 13542
443 15662
300 15671
593 15873
239 16527
143 16577
219 16934
161 17875
222 18012 677
126 9713
86 9793
42 10502
203 10524
198 10804
576 11266
544 11602
397 11722
296 12043
98 12549 442
339 8881
93 8892
435 9090
443 9625
218 9665
365 9698
143 10038
355 10415
343 10496
265 10507 568
428 22989
463 28185
400 29054
115 31846
294 32103
520 33363
122 33376
284 34753
304 34850
120 35084 1892
341 12100
447 12450
305 14228
323 14272
437 14492
461 14817
213 15190
289 15203
43 15409
171 15464 411
565 8108
370 8211
345 9687
276 10581
439 10929
218 10940
335 11145
403 11229
315 11417
258 11474 402
321 9215
583 11703
543 12519
170 12655
96 12734
70 13064
217 13336
82 13804
327 14215
193 14624 397
359 2329
185 3543
15 4479
105 5032
103 6612
9 7132
399 7246
41 8060
383 8479
485 9084 375
75 11413
131 13607
99 14585
480 15052
487 16209
11 16403
50 17109
491 17230
331 17959
51 18008 372
9 6357
105 6677
185 7886
359 8134
49 8190
399 8475
213 9025
7 9216
485 9405
15 10036 377
487 12025
75 12365
137 13646
299 13893
491 14780
99 14837
45 15040
150 15047
393 15447
405 16440 364
507 13574
532 14316
570 15585
128 15906
91 17351
381 17638
482 18006
593 18141
239 18175
242 18244 370
412 13417
600 15638
498 16095
306 16170
354 16488
388 16927
512 17122
338 17420
568 17503
350 17901 369
366 18054
531 19041
221 19186
348 19943
592 20342
278 21798
179 21923
225 22424
458 22486
309 22583 384
85 9027
289 11156
97 12577
325 12925
39 13087
501 14214
104 14527
523 15611
244 15794
423 16282 509
185 4385
15 4683
359 4773
9 6800
105 6822
399 7438
103 7576
41 7848
7 8489
383 8777 435
473 9883
319 10970
310 11234
270 11425
71 11558
575 12201
137 12376
456 12552
444 12660
391 12926 444
383 6046
212 6922
252 7436
129 7650
232 8591
557 8749
451 9078
209 9127
471 10410
395 10703 476
125 4295
455 4867
271 5079
73 5530
485 5698
467 5881
367 5940
277 6398
399 6714
103 6998 513
97 11061
269 11288
325 11687
104 12609
231 12648
423 13260
289 13672
259 14074
43 14112
58 14248 670
238 11301
351 11739
370 12910
443 13119
565 13207
439 13336
195 13364
429 13481
5 13799
345 13828 530
448 12939
398 13488
206 13506
477 13656
114 13752
319 14538
356 14598
476 14988
444 15024
54 15510 618
515 10888
133 11268
71 12851
99 13144
185 13252
359 13252
49 13718
51 14093
201 14235
369 14818 446
397 7614
255 8988
497 9219
126 10801
347 11210
51 11315
99 11680
107 11864
63 11939
515 11940 403
249 8482
7 11455
201 13448
445 14110
135 14607
407 14704
49 15071
185 16361
213 17558
279 17751 380
585 7938
433 10039
181 13302
537 13721
443 15614
473 16042
17 16048
33 16193
143 16277
467 16748 396
59 18057
439 22739
195 23349
165 26524
313 26537
375 26696
111 27615
381 27742
489 28180
5 28210 377
238 11290
435 13073
195 13233
265 14362
3 14558
381 15232
323 15313
93 15413
315 16627
335 16699 406
499 8847
431 9324
402 9807
19 9927
74 10264
275 10508
257 10700
152 11232
33 11550
156 11672 395
31 22012
190 22680
13 23266
453 23744
144 23804
496 24746
299 25297
597 26203
555 26520
251 26968 459
475 9909
48 10549
580 12175
203 13236
394 14862
18 15050
497 15253
426 15368
329 15740
362 15910 300
317 5752
255 10430
81 13478
187 14275
219 14646
397 15008
51 15091
285 15568
405 15885
161 16435 285
109 13462
495 17001
489 17146
69 18187
250 19550
242 20240
507 20804
436 21024
465 21406
525 21488 284
217 9451
81 11819
327 11930
321 12188
119 12369
583 12584
211 13065
595 13780
543 13880
483 14358 395
195 12416
439 15950
59 16650
381 16675
565 17665
165 17957
462 18485
330 18894
111 19044
370 19160 413
277 3581
125 4424
175 4444
467 4460
311 4836
271 5510
113 5636
291 5828
409 6034
539 6090 361
117 8554
461 12023
447 12528
551 14101
521 14250
171 14412
227 15834
345 15894
5 16485
111 16544 357
580 10875
12 11804
192 11950
66 13493
423 14276
464 14456
146 14531
419 14572
62 14729
34 15460 357
563 16550
215 17502
197 19789
53 24480
251 24817
85 24851
289 24964
447 26717
469 27628
523 27849 359
147 13044
486 13290
208 13998
490 14539
426 15319
440 16814
556 17438
470 17788
318 17878
532 18237 356
365 7863
27 8034
163 8040
355 8296
286 8890
567 10085
457 10112
228 10119
241 10141
483 10471 364
17 13198
569 13264
547 14627
411 14716
369 14898
434 14907
433 15141
561 15494
347 15806
147 16077 359
160 20177
378 20246
200 20961
16 21537
468 21674
264 21694
372 21925
350 22183
484 22324
208 22621 364
343 8330
27 9129
483 9360
567 9416
389 10037
365 10738
337 11247
413 11597
218 11777
281 11983 360
593 12687
81 13616
507 14348
297 14575
489 14922
312 15283
432 15614
585 15700
327 16007
219 16142 357
238 13776
565 14168
330 14895
462 15408
345 15591
3 15952
435 15967
542 16000
370 16141
339 16352 551
299 18659
11 18781
481 19006
480 19212
150 19751
13 19828
8 19833
169 20119
131 20235
75 20551 463
157 11618
490 12357
436 12411
250 15827
109 16043
210 16573
261 17027
454 18604
22 19053
426 19387 557
563 8378
523 15239
350 16887
85 17347
215 17594
468 17992
53 18022
372 18825
519 18909
506 19381 402
430 5755
284 6998
459 11944
210 11983
436 13175
294 14078
89 15740
527 16587
207 18298
297 18878 465
433 14604
569 19335
297 19430
585 19987
357 20145
348 20679
83 21059
235 21181
321 21294
525 21425 441
18 12458
138 13533
530 13891
203 14668
526 14933
488 15610
472 16036
42 16168
95 16188
98 16265 285
15 6319
383 6479
9 7342
103 7642
359 7763
41 7776
451 8311
185 8643
367 8652
399 8670 285
385 8242
39 11706
519 12834
479 14000
325 14956
289 16301
559 16666
97 16686
251 17276
31 18032 284
575 8255
99 8445
51 10364
137 10542
397 10645
367 10820
255 11673
153 11903
347 11991
47 13051 286
501 11789
269 12115
325 13632
289 15251
39 15410
519 15660
97 15812
85 16024
559 16430
531 16439 343
314 7525
20 7727
390 8063
424 8107
44 8535
320 8962
58 9088
154 9600
134 9605
410 9814 336
186 27188
479 30647
523 32767
194 33259
378 33296
16 34513
506 34573
124 34841
121 35353
182 35441 282
177 10307
429 10936
227 11183
171 12473
163 12682
521 12769
461 12770
551 12946
351 13072
345 13479 283
40 8737
312 9555
396 9558
239 9911
432 10200
332 11334
91 11351
368 11585
262 11638
152 11663 282
366 16554
234 17077
6 18483
382 18651
278 19120
348 20079
214 20724
340 20964
477 21282
309 21657 283
177 11088
305 11334
163 11397
171 11428
227 11902
447 11942
323 12170
429 12363
567 13212
577 13663 302
533 10067
517 13642
334 13971
481 15813
47 17342
470 17373
475 17733
353 18108
542 18326
42 18332 294
59 10417
165 19338
195 21177
439 22267
381 24336
111 26393
345 26579
521 27039
5 27492
425 27884 300
479 13819
264 15058
224 15148
169 15168
412 16543
523 16779
244 17846
16 18663
325 18723
302 19083 283
75 12585
229 13747
99 13877
137 14280
595 15168
255 15197
45 16184
49 16185
317 16229
51 16466 283
187 10620
489 13815
239 13936
219 14053
593 14232
242 14485
222 14697
535 15772
91 16462
107 16699 282
417 5620
316 6547
106 6554
232 6680
212 6945
252 7381
291 7619
346 7727
270 7791
209 7814 295
405 9265
99 10178
137 11423
491 11547
255 12660
51 13107
406 13126
497 13933
322 14151
480 14255 295
432 7735
499 8687
239 9798
219 9917
148 10218
91 10558
94 10574
67 10788
431 11010
84 11037 293
23 6380
154 8994
320 9654
20 9789
576 10266
62 10543
44 10557
584 10794
68 11086
34 11100 424
50 21122
11 22192
28 22854
480 23845
299 24266
75 24338
513 24953
216 25072
8 25336
331 25486 283
249 8262
201 8576
7 10809
557 11814
383 13793
407 14210
129 14353
185 14959
377 15773
213 16006 286
151 22843
375 23015
160 25282
566 26214
200 26778
325 26824
144 27266
140 27990
172 28513
61 29067 459
105 7032
7 7771
185 9099
359 9143
49 9441
213 9600
201 10074
445 10202
9 10474
305 10844 426
479 15665
519 18783
39 20095
269 21366
110 22173
144 22233
169 22870
325 22871
31 23575
253 23579 284
239 9844
579 10495
431 10504
499 12149
263 12852
127 13520
233 13618
33 13638
396 14269
19 14273 298
111 14099
335 14331
375 14958
195 15867
521 16671
117 17325
265 17360
351 17674
551 18220
461 18486 490
