85 10405
53 14762
97 15229
39 18593
55 20003
16 20363
58 20406
43 20540
30 20690
72 21042 96
77 11794
71 17484
51 20120
75 20401
99 21115
60 21801
11 23121
79 23273
47 23501
37 23759 66
100 7840
73 8053
41 8825
68 9356
15 11058
9 11107
60 12296
27 12946
44 13169
23 13382 61
96 13152
38 15574
70 17726
83 19634
76 19870
2 20399
22 20436
35 22019
82 22346
94 22899 60
93 9849
65 13075
3 15546
47 17656
5 17842
90 18248
27 18866
81 19342
10 19838
95 20480 61
68 7052
41 7549
100 8102
73 8379
78 8539
60 8702
4 9743
15 10074
24 10439
79 11392 58
55 10727
5 16860
46 17677
27 19642
3 19824
47 20462
58 21856
95 22024
56 22131
44 22401 56
31 20932
49 22283
39 23186
43 23313
93 23716
45 23834
87 23932
5 23953
7 24023
77 24140 56
61 24252
59 24857
56 24885
90 25518
47 26196
42 26838
65 27185
5 27308
18 27588
98 27875 61
88 13969
16 15546
55 19518
90 20911
80 21488
5 21535
72 21969
56 22298
92 23108
53 23761 55
89 10254
81 15403
2 17552
22 21253
69 21480
51 22312
96 23187
86 23828
83 24339
76 24457 54
81 13949
51 16352
14 16831
84 16977
94 18134
40 18652
74 18676
91 19242
67 20218
2 21146 63
5 9125
46 10958
55 13590
88 13847
58 15131
23 16587
97 16992
27 17347
20 17938
43 19083 60
89 13600
2 17944
81 18161
82 19063
96 19493
57 19932
76 20509
70 20677
52 21659
22 21779 56
41 9112
73 9158
15 10143
71 10568
9 11026
7 12531
68 14377
49 14431
99 14989
100 15577 69
51 17466
69 18996
19 20109
87 20224
81 20345
67 21946
89 22778
49 23313
99 24051
15 24319 63
5 14073
93 16122
46 16230
85 18156
65 18766
27 19005
39 19446
47 20013
88 20189
97 20440 57
53 11548
85 16255
39 22617
17 25324
92 26463
97 26701
55 27613
16 27937
11 28450
72 28660 52
31 19099
13 24975
87 26437
57 29603
77 32815
89 33121
39 33385
75 34388
45 34863
51 34907 54
93 5187
27 9990
3 16680
33 17233
5 17748
90 18264
10 18464
19 19110
65 19393
46 19423 54
34 10572
88 14682
58 15138
20 15155
46 15975
16 16197
72 17260
44 17881
5 18526
80 19125 58
63 13006
51 13334
91 13972
94 14006
81 14161
67 14516
84 14841
14 14845
40 15058
33 15398 52
81 18184
40 18905
2 19941
51 20065
49 21106
84 21684
91 21991
99 22130
45 22133
14 22374 63
86 9793
42 10502
98 12549
68 13326
63 13517
47 13698
95 13718
18 13994
4 15427
48 15765 63
93 8892
27 11475
47 14175
5 15143
33 16396
23 16979
43 17125
49 17179
19 17205
54 17812 57
70 38512
52 38546
83 39646
22 41666
38 42118
96 42742
57 43693
64 44409
26 46289
2 46517 61
43 15409
85 16182
49 17321
97 17874
46 20376
27 21249
93 21680
39 21966
3 22729
9 22776 69
93 13639
5 15236
10 16650
3 17158
90 17618
27 18706
40 18751
47 19174
65 19535
33 19681 52
96 12734
70 13064
82 13804
89 15577
76 17094
81 18082
2 18343
94 19121
35 21069
51 21543 56
15 4479
9 7132
41 8060
73 9226
7 10643
49 11681
27 14025
68 14945
43 16311
99 17507 55
75 11413
99 14585
11 16403
50 17109
51 18008
13 18482
1 18753
45 19694
8 20703
86 21604 54
9 6357
49 8190
7 9216
15 10036
73 11293
41 12247
43 12972
27 14448
20 16657
44 17341 60
75 12365
99 14837
45 15040
87 17400
13 18244
71 19156
31 20564
49 20717
11 21127
47 21151 60
91 17351
65 19269
10 19546
84 19696
14 21162
94 22337
62 22361
12 22490
3 22666
90 23072 64
16 20093
80 20655
88 22756
34 22760
72 23008
18 24598
8 24722
97 25049
98 25487
95 25528 58
83 26105
32 26165
85 26640
17 27013
18 27623
6 28973
90 29591
65 29598
62 29688
12 30389 60
85 9027
97 12577
39 13087
43 19094
46 19149
16 19727
17 20108
5 20464
58 21736
88 21916 55
15 4683
9 6800
41 7848
7 8489
73 9180
49 10009
27 13667
43 13949
68 15261
99 16131 67
71 11558
100 12953
68 13177
45 13346
79 13731
99 13751
78 13862
51 15840
47 15899
73 16672 71
41 11045
15 12274
71 12739
9 13595
73 14387
7 14834
68 14938
78 16317
20 17095
42 17458 70
73 5530
9 7266
41 8566
15 8833
68 10601
100 11923
44 12914
19 12947
27 13059
43 13305 57
97 11061
43 14112
58 14248
45 16303
85 16749
20 16917
46 16977
25 17019
39 17263
23 17354 49
5 13799
55 16806
93 19614
27 20387
65 20562
59 21096
46 21280
3 21713
88 22535
39 23860 53
54 15510
78 15754
62 15786
24 17786
100 18119
60 18149
4 18296
23 18439
30 18999
68 19261 53
71 12851
99 13144
49 13718
51 14093
11 14904
75 15074
73 16091
7 16462
15 16464
45 17105 55
51 11315
99 11680
63 11939
86 11973
47 13966
49 14192
94 14357
15 14440
81 14746
20 14919 57
7 11455
49 15071
71 20532
15 21235
47 21917
75 22171
45 22218
87 22364
99 22943
9 23876 63
17 16048
33 16193
27 17342
93 17415
19 18620
100 19014
79 19310
73 20215
68 20584
25 21521 54
59 18057
5 28210
55 28551
91 31451
63 34247
47 34806
81 35296
40 35415
94 35941
14 36592 60
3 14558
93 15413
65 20329
59 20891
39 21783
61 21986
21 24134
27 24530
90 25186
47 25688 56
19 9927
74 10264
33 11550
94 12172
84 12823
67 13070
40 13606
14 14263
63 15510
9 16264 60
31 22012
13 23266
28 30397
57 31608
26 32222
75 34773
11 35169
8 35347
6 35825
89 35898 54
48 10549
18 15050
42 18066
56 18117
98 18267
63 18271
45 18357
47 18602
86 18821
8 19184 55
81 13478
51 15091
19 18400
99 19888
89 20337
54 20389
27 20426
15 20578
69 20835
20 21049 56
69 18187
89 23359
81 24314
51 26839
31 28805
57 30217
2 30889
91 31149
87 31331
84 31428 48
81 11819
82 14383
76 14635
96 15571
94 15606
40 16620
47 17331
63 17474
19 18771
84 19083 49
59 16650
3 22585
55 23826
93 24042
65 24752
5 24841
61 25253
90 25453
81 26683
10 27447 58
41 6129
73 6897
68 8222
100 8580
15 10022
9 10537
78 11607
23 12712
60 12728
43 12764 57
5 16485
88 18617
46 18822
55 18930
53 21045
47 21923
97 22588
58 23343
39 23552
40 23932 49
12 11804
66 13493
62 14729
34 15460
36 15684
20 16511
48 16863
54 17387
10 17400
5 17402 59
53 24480
85 24851
39 28073
87 31183
31 31261
75 32174
89 33073
51 33195
45 33347
81 33624 60
32 19455
18 20223
82 21245
98 21912
2 22384
8 22653
48 22724
90 23113
6 23379
42 23673 57
27 8034
93 11519
49 13736
7 14068
47 14164
9 14505
43 14752
23 15058
19 15198
15 15280 55
17 13198
51 17161
79 17290
68 18270
100 18772
86 18843
95 18876
98 18891
20 19017
11 19280 59
16 21537
6 26508
53 26622
80 26733
39 27381
88 27452
55 29743
61 30446
92 31139
85 31263 57
27 9129
93 12478
19 13041
9 13172
33 15556
41 15950
44 16592
15 16837
7 16959
23 16993 57
81 13616
84 16478
2 16501
14 17536
40 17841
74 18651
94 18991
51 19027
49 20052
91 20177 57
3 15952
5 17162
65 18875
39 19679
90 19682
61 21394
55 21439
93 21861
88 22284
46 22493 83
11 18781
13 19828
8 19833
75 20551
50 20709
26 24526
28 26881
31 27682
42 29025
77 29084 58
22 19053
2 20760
69 21216
57 25016
89 25018
61 26741
50 26855
81 26999
66 27220
76 28145 52
85 17347
53 18022
92 22291
39 24141
17 24410
97 26991
72 27436
58 28590
30 29034
16 29281 56
89 15740
52 21197
2 22860
57 24824
83 25781
22 26591
96 27589
82 27821
64 27864
81 28163 52
83 21059
81 21595
86 22668
89 23270
85 23504
17 23727
2 24674
51 26054
94 26872
40 26890 54
18 12458
42 16168
95 16188
98 16265
79 18078
34 18206
88 18564
86 19095
80 19615
32 20194 53
15 6319
9 7342
41 7776
73 8778
68 11371
7 13919
49 14179
44 14484
20 14676
78 14934 52
39 11706
97 16686
31 18032
5 20009
30 21129
16 21278
53 22367
66 22640
85 22670
43 23563 52
99 8445
51 10364
47 13051
73 13094
41 13284
86 14688
100 14775
71 14864
68 15163
45 15410 55
39 15410
97 15812
85 16024
30 17685
17 17851
25 18604
45 19040
43 19911
47 21259
23 21439 64
20 7727
44 8535
58 9088
23 10002
62 10257
54 10801
68 11236
34 12660
47 13262
46 13685 57
16 34513
92 37207
80 38469
88 38914
39 39063
53 40738
8 41948
72 42026
28 43152
29 43185 55
49 15642
5 16690
7 18304
93 19865
97 20409
43 20542
46 21089
47 21992
27 22258
85 22397 56
40 8737
91 11351
81 11800
94 11947
63 12637
84 14720
14 15580
74 15883
67 16725
33 18731 52
6 18483
83 21677
17 24709
62 25114
10 25959
24 28826
23 28923
4 29050
18 30231
79 30301 52
85 14266
49 15197
97 16928
46 17638
43 17775
5 17967
27 18993
7 19359
53 19433
93 20214 53
47 17342
42 18332
95 19628
81 20278
63 20375
77 20619
98 20963
56 21131
18 21262
86 21685 53
59 10417
5 27492
21 28196
55 30863
3 31402
47 35362
91 35531
93 35933
81 35980
61 36118 52
16 18663
39 19531
97 21655
88 21728
72 21912
53 22236
30 22560
80 23779
85 24275
95 24570 52
75 12585
99 13877
45 16184
49 16185
51 16466
7 19423
81 19765
15 20277
11 20357
31 20746 52
91 16462
40 17370
81 18095
84 18913
14 19355
33 19878
94 21764
63 22482
93 22692
74 22792 54
68 8191
78 8664
79 9059
60 9317
4 9348
100 10409
24 10420
41 11438
73 11946
15 13389 52
99 10178
51 13107
75 14600
76 15414
50 16484
11 16564
81 17176
45 17205
63 17549
86 17563 53
91 10558
94 10574
67 10788
84 11037
40 11140
74 11424
14 11779
19 12067
33 12810
81 14477 55
23 6380
20 9789
62 10543
44 10557
68 11086
34 11100
58 11316
100 12992
54 13171
10 13594 55
50 21122
11 22192
28 22854
75 24338
8 25336
13 27583
1 29070
53 29868
26 30573
31 31833 52
7 10809
49 17697
15 18845
71 19598
75 21437
41 22320
9 22378
43 22595
42 22627
27 22977 54
61 29067
55 30038
6 31495
88 31733
39 32230
53 32341
5 32633
70 32737
38 33099
35 33118 53
7 7771
49 9441
9 10474
15 12773
43 14351
27 14733
73 15006
41 16028
93 17836
97 18720 55
39 20095
31 23575
16 25079
80 27881
88 27912
75 28194
45 28557
71 29267
53 29814
97 30071 54
33 13638
19 14273
94 15040
91 15130
40 15464
93 16134
81 16849
84 17091
74 17804
63 18168 56
39 21863
5 21934
59 26803
85 27483
77 28061
53 28786
93 29175
45 29307
47 29312
2 29625 53
84 14014
81 14656
33 15399
14 16014
19 16274
40 16351
91 16697
51 17329
94 17373
74 17893 55
89 11527
81 16352
2 17157
69 18089
76 20562
22 21584
65 22417
57 22745
84 22780
49 22932 54
1 15729
48 19376
50 19619
98 20718
42 20913
56 21844
75 21877
66 24048
95 24385
18 24393 52
3 14966
93 15959
59 21085
5 21258
61 21328
90 22754
27 23428
39 24827
65 24927
47 25460 52
47 17772
3 18330
5 18548
93 19449
81 20046
27 20386
31 20511
77 20779
39 21851
45 22029 57
5 8801
47 14057
46 14762
88 15037
93 17086
97 18156
49 18503
55 18826
27 19187
58 19589 53
83 18519
8 19899
17 20549
2 22998
6 23223
32 23815
18 23849
90 24417
98 24496
95 25597 61
78 6244
60 9209
68 10263
41 11240
62 12498
24 12834
4 12930
73 13526
100 13967
54 14502 52
5 14178
27 16544
49 18420
93 18919
46 19131
9 20137
55 20231
47 20940
15 20946
43 21768 55
10 13840
93 14111
27 14214
40 15155
65 15221
5 16016
23 16198
62 16237
47 16290
58 16526 54
42 6799
98 8896
86 9618
18 11563
95 12283
56 14328
32 14473
47 14713
63 15594
11 17747 53
79 10465
68 12869
45 14048
18 14451
15 15113
95 15115
44 15604
100 15617
20 15712
98 16160 53
99 12584
86 13225
45 13429
71 13935
68 14432
51 14651
15 15034
49 15180
100 15658
73 16095 52
5 10994
97 17527
49 18504
46 18671
88 18968
47 19146
93 19461
7 19614
85 21001
55 21199 52
39 13248
97 16024
43 18045
45 18058
54 18176
85 18642
27 19109
30 19113
88 19399
5 19585 56
23 9579
27 10371
58 11487
44 13502
46 13704
5 13845
20 14132
47 14349
54 14440
10 14483 52
27 8760
93 10093
19 14972
46 15835
33 16245
9 17131
15 17328
5 17428
23 17530
58 17820 55
21 18035
3 21445
59 23852
61 24363
55 25650
5 28625
65 29850
47 31037
93 31366
69 31546 52
23 10363
58 11173
46 11282
5 11689
27 11695
97 13654
47 14183
20 14336
43 14679
93 15486 57
88 16024
6 17448
39 20101
17 20656
83 22092
5 23022
42 23378
90 23468
56 23975
10 24086 54
13 25775
50 28310
1 29968
28 30390
8 30458
75 30896
56 31623
26 32785
48 32831
95 32848 56
10 10774
90 10868
23 14930
42 15154
98 15251
14 15298
65 15603
95 15686
27 16974
58 17396 54
85 13346
49 14187
27 15719
43 15719
97 15870
7 16147
9 17922
15 19467
39 20482
93 21452 63
84 7688
94 8597
74 8845
40 9053
14 9318
33 12529
81 13714
67 13741
91 13817
19 14118 53
55 19930
46 27922
5 28589
53 29205
97 29460
72 30335
92 30984
43 31403
85 31666
30 32169 52
93 14108
5 17203
7 18269
49 18937
65 19378
47 19521
3 19937
27 20675
43 20693
19 21163 53
89 18799
69 19117
87 23321
17 26898
13 27923
57 28093
51 28173
81 28994
25 29191
22 29338 52
48 13608
56 19306
18 20301
98 20442
47 22127
42 22355
1 22779
66 22920
12 23673
86 23780 56
56 20346
8 20655
50 20827
98 21644
95 22299
18 23047
47 23161
42 23337
75 24097
86 24194 53
48 10801
42 12456
86 12901
98 13581
18 14310
1 15044
56 15547
63 16931
47 17334
32 17698 56
91 11288
63 13854
94 16098
40 16506
37 16507
14 17085
67 18420
84 20087
10 21615
42 22129 67
63 16054
91 17704
37 19719
94 21842
40 22248
96 22557
76 22735
14 22829
67 23374
10 24047 59
50 24560
13 27069
48 29315
1 29824
63 31099
28 31750
42 31984
31 32311
66 32955
37 33492 53
29 18880
39 25074
53 27473
55 29926
5 33993
88 35263
31 36984
85 37390
83 37487
16 37658 53
42 8645
98 8650
86 9420
95 10431
47 11205
56 12422
18 14159
49 18637
32 18929
81 19429 53
41 7895
15 10258
73 10587
9 11933
7 13214
71 13657
68 15616
43 17000
20 17117
86 17231 54
81 11875
2 16256
40 16546
82 17117
51 18136
96 18277
19 18679
89 18880
33 18986
94 19090 56
78 7901
79 11288
60 11844
4 12241
68 12728
24 12839
62 14189
100 14548
54 15535
71 16703 60
14 14026
84 14210
40 16965
74 17265
33 17389
94 17951
91 18355
81 20080
51 20525
67 21033 60
90 10820
88 15742
10 17292
65 17859
55 20241
56 20485
62 20661
18 21678
5 22108
46 22321 64
19 5213
33 6530
74 13872
94 15648
84 16011
9 16178
73 16624
23 16675
27 16713
40 16732 62
85 14898
39 19550
3 21195
53 21525
97 21680
93 22130
43 24775
45 25198
49 25587
27 25597 56
45 16123
77 19559
47 20918
99 21476
81 22330
51 22629
17 23150
87 23367
100 23546
43 23558 54
73 4427
41 5769
68 8806
15 9194
9 9789
100 10152
78 11815
23 12652
60 12710
44 13403 52
88 13988
39 16257
30 16288
16 16671
6 18286
62 19507
17 19650
58 19692
97 20139
72 20240 52
9 4177
15 4540
73 7333
41 8935
49 10344
7 11328
68 13138
27 13358
19 15730
43 15786 124
56 15338
98 16448
18 17415
42 17981
95 19357
47 20149
86 21326
32 21819
88 22313
5 22703 65
83 22863
6 25351
26 30402
91 31374
65 31498
2 31506
61 32295
22 32597
96 32853
82 32997 53
81 11090
40 14385
2 14463
94 15025
84 16124
33 16505
76 16834
19 17190
82 17394
63 17453 91
19 19728
33 20471
49 20868
77 21139
93 21159
6 21568
54 22267
62 22601
60 22630
47 22852 296
5 12289
47 14669
93 15314
46 16938
27 19003
88 19983
40 20232
3 20325
81 20631
55 20870 64
77 18753
31 20095
47 20320
81 22200
89 22903
61 23316
27 24184
39 24297
87 24315
99 24464 65
18 11005
86 11918
48 12110
98 12854
47 13009
42 13039
95 14305
56 14640
68 14763
20 14922 58
99 13272
51 13469
49 14422
81 14830
86 15543
75 15620
47 15796
15 16220
63 17057
11 17216 62
9 4477
41 6617
73 7149
15 8642
43 12226
49 12744
20 14483
19 14544
27 14802
68 14814 56
48 14352
32 19409
18 20107
1 20387
8 20595
50 22257
42 22311
98 22554
56 23192
86 25126 52
33 12857
84 17926
14 18044
91 18691
40 19621
19 19952
93 20159
27 22034
94 22225
74 22573 52
81 11963
40 13838
2 15046
84 15707
82 15759
94 16140
96 17483
51 17760
63 17886
33 18110 57
81 19813
51 20316
49 22919
75 23265
99 23851
85 24116
87 24602
89 25558
22 25619
53 26607 144
43 11140
27 13302
23 13514
54 13801
58 14586
5 14786
9 14833
41 14835
93 16115
20 16643 138
65 17777
5 19158
93 19621
7 20610
47 21700
3 21950
55 22061
49 22484
97 23281
59 23345 67
91 9753
67 11417
94 12271
84 13226
14 13926
63 14053
74 16365
40 17821
33 18085
19 18936 60
50 18315
48 24138
8 24703
26 25750
98 26454
56 27020
18 27713
28 27753
42 28107
1 28551 57
59 17517
21 20670
61 22592
3 25598
39 27085
55 27659
5 28042
53 30858
46 32469
93 32513 61
33 15887
40 16707
84 16870
14 16910
74 17897
94 19505
19 19896
81 20016
93 20313
91 20693 60
63 20183
81 20550
99 21802
89 21983
51 22585
13 23485
75 24322
42 24538
11 25346
47 25400 60
93 12863
65 13473
40 16345
27 16974
5 17042
84 18560
74 19259
7 19812
46 19981
58 20238 57
36 12693
30 14777
66 14872
12 15111
62 15770
67 17184
72 17269
54 18268
48 18726
10 19081 57
15 5077
41 7784
9 8014
73 8770
7 9925
49 12333
68 13997
71 14088
27 15395
19 16515 57
93 11948
27 13223
5 17231
46 18194
3 19413
10 19907
19 20231
55 21142
33 21258
9 21976 57
93 6827
27 11516
19 15524
33 16201
5 16388
3 16468
47 17660
23 19150
7 19172
10 19206 57
80 27512
16 28776
8 30099
30 31093
72 31217
66 31292
18 31677
32 32079
48 32892
6 32897 58
77 17385
50 19836
8 20100
86 21351
18 21822
32 21842
4 22251
42 22580
51 23171
98 23289 57
51 11997
99 15782
81 16308
69 18443
89 19017
45 19333
87 20257
40 20465
100 20576
94 20653 56
47 17652
17 17744
25 18925
77 20927
49 21260
7 21474
5 21512
41 21939
20 22055
79 22100 57
41 8370
73 9286
43 9501
9 10878
100 11181
15 11809
27 12375
23 13487
44 13892
68 14265 57
73 5046
41 7520
9 7570
15 8739
68 10149
44 11978
100 12683
19 13121
27 13533
20 13944 56
47 10947
63 15072
23 15815
42 15865
99 16195
81 16237
40 16282
95 16483
44 16800
82 16807 63
41 3003
15 7340
73 7569
9 8289
68 13324
7 13374
43 13564
49 14298
78 14749
100 15282 56
42 15180
95 15574
47 16318
98 16535
81 17612
75 17890
86 18437
11 18614
63 19809
56 20683 57
41 3905
9 5407
73 6739
15 7876
43 12442
49 12690
68 13448
7 14402
23 14898
44 14973 57
81 13639
95 17609
47 17891
63 19136
42 19137
86 19644
98 20062
99 22879
91 23552
75 23589 56
47 12044
42 14164
86 14333
15 14888
49 16396
9 16461
18 16636
20 17145
98 17207
19 17438 57
89 19363
22 22010
2 22315
81 25440
69 25987
52 26812
8 29428
51 29531
96 30178
82 30410 57
81 10346
51 11553
99 12950
86 13491
63 14179
42 14254
11 15238
47 15402
95 16350
40 16941 56
5 13230
65 14335
88 15652
46 16449
93 18041
58 19248
47 19336
27 19472
10 20106
90 20362 57
26 16686
8 22603
11 25117
77 25492
50 27131
75 28741
83 28797
6 30035
28 30873
13 30966 57
63 16664
99 17051
47 17853
81 18469
51 18478
89 19374
42 19469
86 19674
87 20580
37 20875 60
64 19435
2 21737
89 22125
76 23974
52 24014
22 24252
38 26158
90 27518
82 27742
81 28048 58
9 6036
15 8597
49 10175
7 10189
73 10650
41 12164
19 14201
27 15069
43 15687
68 16365 57
18 12349
42 13157
79 13261
4 13814
24 13970
98 15530
78 15620
32 16045
62 16184
95 17251 56
7 9435
49 10259
9 12208
15 12359
73 15216
41 15910
27 17921
43 18163
71 20186
12 20229 57
2 15077
84 20962
17 21040
82 21074
94 21233
76 21502
74 21813
38 21880
20 22265
22 22450 51
45 17016
51 17204
27 17379
47 18197
99 18779
5 18903
49 18989
81 19057
97 19834
55 19906 58
89 13665
96 14890
81 16260
82 17268
2 18153
76 18280
70 18792
51 19659
83 20982
99 21120 59
9 11480
15 13247
49 14499
41 14966
73 15490
19 15707
43 16221
68 17295
27 17411
45 17710 59
15 12358
71 12999
7 13226
41 14327
73 15251
68 15778
9 16271
42 17318
63 18897
86 19137 60
63 10184
91 12924
37 13465
94 14438
42 14541
67 14676
40 15664
14 16343
18 17267
84 17449 57
27 10597
93 11330
19 15579
46 15904
5 15941
33 16824
23 16977
10 18323
3 18429
40 18812 58
8 21119
18 23425
6 25067
32 25839
83 26105
26 26274
42 26677
98 26744
11 26781
56 29346 57
28 19927
13 37242
26 39082
8 41229
50 41425
64 41740
83 43245
70 46561
57 48520
52 48913 61
91 17812
84 18337
14 18613
81 21043
94 21248
69 21970
89 23052
51 23582
40 23700
2 23776 58
60 6284
68 6672
100 7652
4 8853
24 8881
78 8909
73 9387
41 11781
79 12590
15 12946 56
9 4724
41 7184
73 8298
15 8663
68 13631
44 14120
19 14151
43 14205
20 14624
27 14691 57
73 7413
100 7580
41 8305
68 8890
15 9984
9 10565
60 11718
27 13140
78 13175
44 13619 57
99 9004
51 10861
45 12223
49 13342
73 13343
15 15346
100 15496
44 15863
68 15924
9 16359 55
5 13357
47 16869
55 19428
46 21240
42 21597
56 21974
95 22301
93 22314
49 23385
98 23636 57
49 16082
87 16521
81 18604
51 18741
75 19388
89 19439
99 20228
7 21878
9 21915
31 21989 56
17 12633
62 16162
6 16539
79 21071
30 21207
24 21308
4 21764
39 21772
54 22182
78 23078 56
31 21982
87 29578
5 31571
70 34009
59 35106
39 35214
37 35351
76 35523
63 35530
97 37044 57
3 10701
93 13810
55 17956
5 18175
65 18756
27 18935
46 19698
47 20637
90 21069
56 24046 56
47 13238
18 14004
20 15065
78 15335
86 15949
48 16033
60 16634
4 16695
15 16724
68 16728 55
31 20264
39 25052
87 25394
57 28028
59 28576
5 29597
53 32331
69 33914
89 34602
45 34868 57
45 12870
99 13419
79 15715
15 15795
86 15822
51 15884
68 15895
71 16678
95 17155
100 17249 58
5 17542
47 21448
49 21902
59 22535
45 23173
97 23543
7 23548
51 24427
99 25014
81 25730 56
96 15801
82 16577
83 19325
94 19538
17 20245
35 20944
40 21190
81 21695
86 21880
38 21987 56
11 14182
99 14904
51 17117
17 17118
8 17182
34 18316
45 18349
47 18418
77 19077
75 19162 57
48 11417
18 15204
32 15644
42 16522
98 18743
36 19176
86 19397
56 19867
63 21287
10 21372 57
48 9488
18 12417
66 14616
98 14804
42 15479
95 16255
1 16583
56 16842
86 16864
12 17255 57
36 13120
76 14904
51 14989
2 16325
48 16777
67 17025
63 17583
99 17982
94 17999
86 18797 56
53 15707
97 20444
39 20974
85 21188
49 21479
46 22094
5 22677
99 23129
75 23629
45 24492 60
83 13201
81 16793
51 19466
17 22579
99 22859
89 22862
96 22867
75 22933
11 23171
40 24928 56
26 32779
83 32856
70 33260
96 38366
6 39308
8 39654
35 40733
76 41622
64 41859
31 41873 57
16 12035
72 14442
92 15893
97 16287
80 17019
85 17363
58 17982
34 18476
30 19158
17 20780 58
100 9131
68 10657
73 11554
41 12396
9 13388
27 13643
60 13681
15 14339
43 14373
23 14735 59
86 19769
95 20418
98 20799
47 20806
42 21886
85 23849
83 24272
45 24601
17 24986
56 25145 60
75 23582
11 24306
42 25710
56 26073
55 26099
50 26710
63 27295
98 27371
8 27608
81 27926 62
27 9422
33 10993
93 12365
19 12648
23 12892
44 13357
9 13455
41 14685
15 15372
73 15541 72
68 5890
100 6602
78 8253
73 10111
60 10436
41 10721
4 12961
24 12989
44 13399
23 13412 55
43 5617
97 10688
23 13871
45 14118
44 14360
58 14525
9 14588
27 14789
20 14836
41 15088 55
11 12521
75 13687
51 14286
1 15963
99 16493
71 18518
49 19375
50 19967
25 20408
79 20481 52
86 11275
73 12079
51 12439
99 13246
15 13392
47 13618
49 14242
41 14271
71 15055
19 15566 56
81 14729
47 16365
42 17073
98 19006
63 19306
86 20014
95 20461
75 22517
91 22548
99 23631 55
95 18974
53 19164
56 20149
55 20465
98 20581
42 21116
11 22806
75 23532
47 23562
88 23868 52
43 9521
97 11952
9 13884
85 14524
41 15270
73 15456
44 16280
27 16303
15 16619
20 16852 55
5 13722
47 14946
97 15651
85 15803
39 16719
93 16877
88 17254
49 17818
27 18468
46 18655 52
49 20570
7 23630
15 24188
9 24633
73 25357
51 25437
41 25595
27 26706
99 26716
81 27130 55
79 17588
62 18641
25 18769
17 18960
100 19182
60 19560
24 20645
68 20932
33 21079
73 21089 55
5 17058
3 17326
59 18549
93 20329
39 20397
65 21557
55 21729
90 21914
27 22448
10 22640 55
9 3996
41 6148
15 6595
73 7310
7 11673
49 11885
43 13923
68 14627
19 15605
20 15710 56
81 15447
11 18307
37 18415
63 18608
75 19397
48 20114
42 20183
99 20813
51 20954
86 21078 55
47 14014
51 15495
81 15676
99 18096
45 18751
75 19318
42 19660
89 19961
95 20188
98 20535 54
88 21824
6 23764
35 24389
90 24718
82 25658
8 26174
16 26455
18 27116
64 27251
65 27271 55
39 14145
97 18705
53 19522
46 19731
45 20133
85 20279
30 20480
88 20514
5 20974
16 21719 55
73 14390
17 14567
15 15363
51 15796
20 16514
68 16829
9 17018
79 17305
27 17673
41 18054 54
31 16137
30 16740
51 16959
81 21204
75 21392
99 22922
62 23191
54 23551
74 23797
50 24262 54
89 18725
69 21403
57 21941
81 30692
61 31022
6 31964
2 32839
52 33200
13 33607
77 33719 53
74 12909
62 13847
54 14261
14 15376
84 15664
78 16871
23 17372
67 17611
30 17722
94 17743 51
59 19255
65 25063
55 30407
3 30442
61 30804
39 30825
5 31422
93 32869
21 33020
10 33198 52
79 9782
60 12184
100 12938
68 13700
24 13797
4 14383
78 14689
73 15847
47 17040
15 17682 53
59 16863
37 26026
5 26460
40 28331
63 28983
47 30138
91 30315
3 30948
55 32497
94 32605 53
15 5108
9 6611
73 8257
41 8853
68 12256
7 12590
27 13178
49 13280
44 15177
20 15437 52
5 17648
39 22993
59 24485
97 25649
93 25931
46 26029
88 26462
49 26496
85 26759
7 27080 57
86 11308
47 13483
15 13761
49 14883
63 14908
99 15671
19 15819
51 15830
9 16216
73 16236 53
85 7788
43 12995
97 13490
39 18272
46 19110
45 19640
27 19875
49 20657
58 21413
25 21720 53
85 11566
97 13128
49 13841
43 14473
9 15190
27 16509
7 17017
15 17037
73 17634
41 18894 54
77 13489
4 14343
24 15279
78 17037
60 17726
79 17970
18 18378
17 19882
32 19904
68 20672 55
42 12117
86 13140
63 14430
40 14714
99 15039
71 15746
7 15809
49 15969
47 16187
41 16326 54
83 16970
91 24535
29 25405
10 28464
65 28917
14 29020
94 30265
40 30365
61 30920
81 32310 41
89 18441
81 18680
40 21683
69 22027
84 22362
2 23389
87 24279
22 24444
14 24520
91 24715 41
56 14426
98 17068
32 17639
95 18417
18 18497
47 18745
65 20304
86 21606
90 21619
48 22072 40
48 11985
86 13527
18 13612
42 14728
36 15068
68 15110
1 15312
98 15641
32 15652
4 16089 40
85 14583
39 20203
97 20871
43 22624
53 22852
27 24250
92 25119
5 25214
46 25739
3 26238 40
97 7468
43 11909
85 14376
45 16058
16 18284
25 18294
46 18532
39 18560
20 18998
100 19365 40
7 11152
49 11478
47 15688
93 15839
9 16163
5 16496
15 17622
71 18171
45 18477
27 18632 40
7 8189
15 9257
9 9792
41 10308
73 12060
49 13509
71 14466
86 17646
99 17877
43 18089 40
63 15790
42 18351
76 18403
81 18629
83 19419
8 20169
94 20288
82 21331
35 21684
98 21738 43
7 8367
41 9118
9 10952
15 10969
73 12984
49 13059
71 14732
43 14883
99 16467
68 18991 42
81 16843
89 17506
47 18865
8 20111
98 20466
83 20825
61 21849
51 22260
86 22458
42 22881 42
50 19301
2 19532
89 19588
22 20175
51 20668
69 21216
36 21635
53 23685
84 24143
17 24903 43
87 12606
99 17057
13 17100
75 17409
45 19746
71 20908
47 21287
77 21534
49 22443
86 23932 42
96 15324
83 18318
89 18611
76 18972
2 19025
81 19156
70 20630
22 21058
82 21076
94 21525 42
9 3319
41 6337
15 6898
73 8461
49 11346
7 11916
43 13472
68 14954
20 15145
44 15805 42
5 12700
88 16148
55 17409
39 20191
46 20315
62 21355
97 21545
95 21608
47 22136
18 23046 42
39 20926
5 23845
77 26474
85 27718
89 28432
31 29510
59 29736
81 29883
45 30214
3 30341 42
65 15719
55 19261
5 20042
91 22217
59 22689
40 22991
93 23341
81 23504
14 23864
3 24340 41
41 6991
73 8215
68 10728
15 10900
78 11037
71 11869
9 12849
100 12918
60 14020
23 14980 40
11 23302
95 24260
42 24776
63 24903
55 25065
56 25945
53 26146
98 26377
75 26922
8 27172 40
17 16654
83 18598
6 19380
62 20175
47 23136
39 23225
23 23632
58 23636
79 23746
88 23838 40
9 5838
41 6718
73 7168
15 9899
43 13215
49 14335
19 14943
68 15109
7 15577
100 15719 43
77 15200
11 20895
4 21646
47 22071
42 22197
24 22242
86 23010
60 23099
79 23681
32 24675 42
46 11428
5 14629
88 15635
23 16121
58 16683
90 17233
55 17302
10 19031
20 19246
95 19279 42
97 12033
43 13470
25 13859
41 16639
9 17429
5 17548
23 18230
49 18796
85 18811
100 19042 43
15 14714
86 15317
47 15812
48 16171
9 16959
20 17093
68 17096
34 17396
18 17456
12 17680 43
5 17543
47 18897
81 20339
93 20344
88 21297
65 21924
40 22114
97 22354
51 22418
39 22452 55
17 20617
83 21309
27 21423
51 23482
81 24089
45 25094
40 25312
47 25313
49 25367
73 25422 56
63 11957
37 14106
19 15582
40 16067
91 16769
47 17292
67 17365
33 17821
94 18323
42 18324 57
21 24686
61 28668
3 30308
55 32955
31 34175
39 37347
59 37481
69 37911
5 38792
46 39911 55
41 7989
68 9264
78 9699
15 11682
73 11805
60 12802
54 13011
9 13033
100 13142
4 14697 56
49 16696
15 17232
81 17542
99 18264
51 18573
9 19505
37 19854
7 20010
41 20659
63 20731 56
31 21241
5 22068
81 24330
37 24508
47 24784
63 25275
59 25337
3 26600
45 26649
75 26976 55
77 14529
47 19796
60 20900
42 21246
86 21675
18 22020
71 22103
4 22443
11 22902
78 23091 53
5 18574
39 21159
85 21209
49 22492
47 23340
40 23665
97 23977
96 24042
45 24511
88 24642 62
77 27010
7 29683
83 29789
49 30273
39 31062
29 32388
45 32706
37 33043
47 33211
91 33754 55
81 10624
89 14903
76 16872
2 17463
40 17683
51 18647
99 18718
94 18983
96 19814
82 19864 58
59 15763
3 18172
93 19989
5 22570
21 24966
27 25570
81 27484
55 27909
65 28371
10 28506 53
52 15965
22 22793
89 23088
64 23448
2 24980
57 25722
69 30944
76 31687
83 33155
96 33631 52
22 19737
2 21108
69 21912
89 23664
57 25326
50 26725
81 26805
76 27627
48 28002
66 28718 62
77 17282
6 17383
8 21289
26 21482
18 22531
11 22635
61 22803
51 23314
42 23549
98 24044 68
86 7390
47 10045
42 12013
98 13832
49 13841
99 14223
95 15067
18 15445
81 16779
41 17428 64
54 9384
62 11462
78 14316
20 14944
23 15417
68 15423
58 15685
30 16023
74 16712
100 16941 65
39 20922
53 28383
31 29152
29 30080
5 33129
6 33429
88 33875
55 34242
83 34361
59 34546 54
15 5305
9 5960
41 7112
73 7794
7 9235
49 12213
68 13973
19 15711
43 15843
27 15929 44
17 15813
45 16806
39 16808
77 18012
47 18539
99 19433
54 19550
6 19721
62 19800
23 20031 56
27 17589
95 18191
93 18494
44 18624
5 18811
88 18971
46 19308
55 19666
68 19861
58 20443 55
69 11949
89 18967
81 26530
57 26901
3 27158
87 28319
12 28692
65 30397
91 30905
61 31034 56
79 12895
71 13964
17 14063
77 15388
47 15669
60 15729
78 16324
68 16409
100 16985
73 17494 56
5 12608
97 12689
88 13810
39 14085
46 15397
54 16359
58 16478
43 16618
45 17093
20 17655 55
5 21465
55 23010
59 24144
95 24183
47 24987
79 26927
24 27060
4 27684
60 27777
98 28138 54
99 12553
51 13132
45 13940
71 14794
49 15593
75 16845
15 18507
73 18642
86 18782
7 20287 406
51 7007
99 8956
81 13752
45 14315
49 14676
47 14802
73 15373
68 15400
100 15406
75 15776 61
83 35457
70 36335
57 36660
52 40751
89 40958
96 41473
38 42393
29 44594
2 45248
28 46233 59
96 14167
82 15761
2 15890
83 18931
40 19278
65 19364
35 19904
94 19920
84 20523
38 21345 57
51 16654
99 18637
68 18705
45 19172
87 19268
71 20378
49 21101
75 21603
73 22214
31 22372 55
9 5666
41 6114
15 6141
73 9470
7 10579
49 12111
19 14631
68 14887
71 15882
43 15951 55
39 18599
53 20076
88 20736
5 20780
55 22415
17 22796
6 24466
46 24683
85 24815
90 25692 57
15 15334
7 16380
63 16563
67 16597
94 17241
9 17457
74 17787
36 17906
86 18491
41 18701 54
66 14853
48 18341
12 20632
18 23896
36 24496
4 24541
24 24631
62 26017
72 26308
80 26341 57
81 17168
83 20244
17 20824
51 21349
89 21969
8 24614
91 25077
99 25234
47 25420
95 25514 56
51 22119
81 22248
69 22491
91 23337
89 23849
62 24221
12 25252
47 26150
63 26325
87 26881 57
15 6229
41 7442
73 8504
27 9493
9 10610
43 11429
47 12103
7 12309
68 12525
44 13048 58
47 12440
45 13741
97 14321
100 15886
68 17174
43 17194
79 17280
44 17299
78 17603
20 17627 55
5 14261
93 21820
49 22487
59 23796
46 24122
47 24171
55 25030
19 25237
97 25464
3 26021 54
51 15654
86 17014
11 17813
99 18437
45 18512
47 19287
1 19291
75 19367
77 19810
71 20002 60
49 12572
81 13414
99 14194
51 15051
19 15688
9 17625
33 18155
41 18799
43 18952
2 18995 55
10 11503
90 12071
58 12781
23 13425
14 14351
20 14378
62 14536
27 14613
44 15610
46 15616 56
71 16749
33 18861
78 19181
60 19194
25 19267
100 20386
19 21114
73 21315
24 21399
41 21505 55
2 14658
82 15887
22 15981
96 18335
81 20335
65 21940
89 22398
52 24023
38 24475
76 25119 53
39 13305
97 16319
25 19239
5 22550
30 22984
16 23307
85 23347
31 24103
88 24500
80 24599 54
41 5037
15 8750
9 9667
73 9859
7 10572
43 14242
49 14930
71 15305
68 15896
78 16827 54
41 4391
9 6229
73 7105
15 8032
49 12864
68 13560
43 13856
7 13892
19 14832
100 15702 57
77 16610
79 18107
45 20038
47 20235
100 20237
4 20500
24 20690
86 20864
68 21201
60 21225 53
41 3900
15 8343
73 8440
9 8988
68 13569
7 13631
43 13711
100 14575
49 14869
78 15478 53
47 13561
42 16177
86 16346
98 17486
56 18738
18 19645
45 19708
1 19983
95 20251
48 20846 54
51 8052
99 10843
45 15208
81 15813
75 15939
86 16554
47 16697
20 17990
100 18027
11 18295 53
47 10633
99 11225
51 11542
73 14426
41 14570
49 14781
45 15348
86 15588
79 16019
68 16033 54
5 19804
39 20325
77 21215
59 23331
47 25362
81 25852
96 26390
3 26410
88 26482
51 26747 54
85 14654
97 17694
53 18175
39 18626
43 19431
45 19962
58 20201
16 21412
46 21512
17 21899 53
69 18499
81 21980
89 22275
87 23007
57 23667
47 24602
62 26843
77 26857
51 27785
12 28508 52
91 14716
63 16232
81 16487
19 17729
33 18530
67 19104
94 19324
51 19998
37 20159
40 20256 52
71 13848
67 15878
25 16134
99 16635
11 16821
51 17260
74 18074
7 18463
75 18519
94 18614 53
49 14278
27 15594
19 16088
33 16319
9 16621
81 16648
93 16747
15 16768
73 17201
41 18045 53
41 3446
15 5407
9 5630
73 7542
68 12053
78 13456
20 13742
7 13787
44 13820
49 13959 52
51 13803
99 16506
89 17299
81 18242
76 19550
67 19801
75 20146
63 20265
49 20886
69 21003 52
47 11190
42 11722
99 14698
37 14928
63 14933
86 15009
81 15946
98 16543
18 16546
45 16747 52
7 8726
41 9803
15 10822
9 11127
73 12147
43 13924
49 14646
71 14959
27 17138
99 17802 53
35 10076
82 11723
94 12564
96 14503
76 14949
38 15095
40 16072
74 16608
84 16645
42 16761 58
48 21134
50 24229
26 24754
56 25352
42 26595
8 26867
18 27841
98 28178
90 29619
32 29877 59
41 7015
68 8106
73 8637
78 8747
60 11016
15 11066
100 11794
9 12507
71 13961
79 14850 54
97 12443
45 12697
47 13596
43 16324
99 16500
58 17284
44 17797
20 17929
85 18009
49 18186 68
7 5545
49 11813
15 14485
71 16384
9 17572
41 17860
73 18684
75 18707
43 19307
99 19479 53
42 20963
47 22169
81 22501
75 23427
98 24036
50 24227
11 25367
8 25433
86 25458
18 25579 57
89 18723
69 22995
81 23372
57 24187
51 24461
87 25779
13 26535
14 27038
84 27328
22 28028 57
38 29958
96 30086
83 31876
70 32672
76 32774
8 33644
91 34519
22 35116
6 35378
64 35445 62
60 7189
24 7854
4 8748
100 10483
78 12132
68 13251
62 14348
12 15137
79 15243
73 15330 53
32 10813
18 11127
98 12654
42 14767
56 15634
95 15869
48 16092
86 16536
47 17415
65 18804 56
48 18251
76 18372
75 18836
50 20268
98 20649
1 20870
8 20936
42 21642
86 22029
99 22396 57
9 7594
41 8086
73 8934
15 10619
43 12429
68 13239
27 14415
100 14423
19 14785
44 14992 59
93 16244
43 16451
27 16483
97 18520
9 19672
7 19791
49 19797
5 20029
15 20119
85 20724 58
5 13663
47 18469
88 20813
46 21198
59 21448
97 22102
95 22507
42 23049
62 23334
93 23444 57
21 21715
3 22297
61 23669
59 27562
69 30774
31 31584
81 32073
45 32088
55 32314
93 33000 57
91 17895
14 19336
94 19427
74 19709
40 19969
51 20001
81 20232
63 20733
84 21062
67 21625 56
85 12642
97 18056
43 19903
46 21070
58 21329
5 22213
27 22489
17 22681
47 23073
23 23875 57
71 12690
73 14140
79 14785
68 14991
15 16563
100 16725
41 17518
60 17875
78 18024
47 18077 57
48 18269
47 21648
66 21651
98 21921
56 22305
18 22416
42 22966
95 23250
86 23261
12 23630 58
19 12801
81 13779
47 14795
86 14872
42 15341
40 15478
94 15574
23 16407
2 16648
49 16719 65
84 11216
14 11538
74 12051
40 13009
94 13825
67 14849
91 16901
81 17034
2 17633
33 19413 50
69 17391
87 19057
47 21592
45 22791
81 23378
3 24538
77 24643
51 24695
15 24848
49 24892 51
33 11360
19 13203
63 13572
40 13648
94 13852
67 14702
74 15082
91 15136
84 15317
81 15751 58
51 7843
99 11770
81 12738
86 13637
45 15009
94 16057
20 16161
47 16476
11 17084
49 17394 49
85 11927
43 18146
97 18225
39 18835
49 19586
7 21496
5 21840
27 22554
45 22973
53 23186 102
77 16074
11 19681
71 20970
75 21735
79 23265
45 23774
99 25265
6 25709
8 25943
51 26194 56
89 11139
69 15427
51 17891
81 18236
99 22258
87 22613
49 23940
77 24785
85 25167
2 25819 158
77 15167
47 15520
42 21732
99 21732
98 22039
56 22489
95 22634
75 22708
4 23725
78 23845 75
47 10163
95 16183
81 16407
51 16798
49 16871
99 16943
42 17039
98 18168
86 18216
45 18578 56
48 12434
18 15305
98 17154
42 17359
56 17772
32 18671
8 18769
86 18784
47 18941
12 20525 57
27 11181
93 13020
5 15265
46 15968
33 16002
19 16037
9 16674
58 16759
41 17392
23 17511 65
73 3982
41 5564
68 8467
15 8555
9 8798
100 10027
44 11612
43 12053
78 12234
20 13608 42
73 4337
41 4419
9 6281
15 7402
68 10560
100 12900
44 13359
27 13370
43 13936
19 14054 81
93 9931
3 14946
5 17360
10 18442
65 18551
19 18758
27 18808
33 19307
90 20384
46 20671 57
69 7783
89 22319
3 24428
81 24598
65 25379
12 26216
91 27821
84 27948
14 29028
51 29243 56
45 18555
39 19135
31 20781
85 20837
53 21396
51 24209
30 24380
13 25033
77 25123
75 25396 55
75 13234
13 16069
11 18366
31 18877
8 20854
99 21788
50 22262
45 23673
42 23874
71 25051 55
43 9683
85 11510
97 13910
27 15021
9 15458
45 16870
73 16882
49 17097
44 17868
15 18015 53
91 7458
14 11275
84 15049
94 15214
67 16654
63 17198
33 18870
74 18924
40 18998
10 19245 53
73 6340
41 6704
9 7270
15 8775
68 10621
100 12497
78 13188
44 13514
19 13647
27 13805 52
94 7250
74 8844
67 9320
84 9347
40 11990
51 13158
14 14263
63 14516
19 14875
81 15549 51
17 15560
39 19093
77 19161
43 19324
9 19645
85 19873
41 19949
45 20119
71 20221
27 20422 53
78 6881
100 8124
60 8194
24 9451
68 9594
4 9731
44 13887
62 14461
73 14653
23 15582 55
5 15395
55 16390
97 16438
46 19960
7 20065
49 20091
43 20475
39 21182
27 21551
53 22819 52
83 21109
6 29297
26 31382
96 33385
61 34253
8 34651
29 35636
39 35678
28 35999
22 36077 53
95 10965
98 11576
42 11643
56 12568
47 14865
88 15219
86 17308
18 17475
90 18565
10 19259 53
74 9962
14 10455
33 10916
91 11424
84 11439
94 11786
19 11891
67 12048
40 12508
63 15824 52
73 4281
41 4363
68 8418
15 8710
9 9625
100 10306
78 11115
44 12411
43 12440
23 13154 53
46 11507
23 12678
58 12788
97 13687
5 14336
43 15564
27 15650
47 16196
20 16501
88 17714 63
42 19066
81 19482
75 20478
50 21498
76 22036
48 22143
63 22171
86 22207
1 22800
98 22877 54
17 20690
6 21408
79 23982
62 24783
83 26304
24 26579
4 27219
14 27952
54 28391
60 28710 56
81 16675
51 16784
99 17651
37 18977
15 19463
75 19501
86 19612
49 19651
47 20269
63 20334 61
93 8261
3 12784
27 17862
65 19953
90 20392
33 21031
5 21320
10 21940
19 21962
47 22218 55
65 18002
93 19392
3 20737
10 21753
90 21955
61 22459
39 22982
5 25259
62 25872
27 26155 56
17 18606
2 19243
83 21214
82 22784
32 23104
38 23112
6 23126
96 23810
42 24920
86 25011 63
47 7955
99 10985
86 11050
49 12181
41 12346
42 13895
44 15170
15 15415
81 15625
73 15696 56
69 20357
13 21219
77 22017
87 22095
31 24895
51 25303
12 26312
66 26677
89 27033
81 28444 56
5 12936
47 13002
88 14462
95 16306
56 16595
62 17459
98 17701
18 18198
46 18243
97 18433 55
24 14758
79 15187
78 15468
4 15746
100 16243
17 16675
62 17186
20 17188
68 17419
45 18548 56
21 19632
61 22472
59 27159
31 32697
39 33167
89 34599
3 34808
81 35266
5 36954
93 37541 54
64 26138
57 27464
70 28033
76 28233
13 30824
63 31652
89 31782
31 32626
75 32809
52 32917 53
52 12598
89 16141
57 17251
76 19330
64 19779
96 20518
22 21168
70 21338
2 23625
82 24384 58
51 12218
11 15635
99 17543
75 17929
81 18203
89 18756
71 20398
76 20435
70 20481
25 20544 53
9 7843
15 9250
7 10068
41 10229
73 13043
49 13680
44 15023
19 15814
68 15968
43 16262 53
85 20575
97 21797
53 22898
43 22916
46 23015
5 24964
39 24985
92 26895
49 26916
27 27664 59
97 10804
100 11115
43 11659
68 12075
45 12114
41 12766
47 13017
44 13334
20 13594
15 14597 54
50 26188
13 26707
28 27844
64 30875
70 31742
56 31819
31 31883
75 31946
53 31974
8 31984 53
53 18471
29 30762
88 32015
11 32567
39 32626
16 32956
92 33364
85 33522
75 33549
55 33694 53
5 12296
93 15575
43 16832
49 17232
88 17432
7 17882
46 18409
27 18690
97 19531
9 19883 53
85 16028
53 16593
46 17392
97 17698
27 17699
39 17990
5 18175
43 18545
49 19791
55 20146 53
41 4371
73 8567
15 8728
9 10587
68 12484
78 12883
71 14591
7 14718
100 15190
60 15218 55
5 9101
97 12698
46 14888
88 15245
47 16197
55 16706
49 16943
7 17533
95 17601
43 18133 54
17 8278
6 16824
79 17476
62 17857
30 18006
54 18875
83 20452
88 20694
23 21026
20 22327 54
9 5596
41 6682
73 7306
15 9657
43 14115
68 14451
19 14495
49 14871
27 15767
23 15971 53
90 10299
10 11131
58 15975
62 16296
23 16447
18 17333
20 17552
98 17738
88 17855
27 17877 53
85 20514
2 21118
32 22293
17 22777
86 24918
22 26895
81 26903
27 27337
89 27634
65 27920 53
5 12346
47 15230
46 15787
55 17413
49 17460
27 17824
97 18885
45 18915
43 19508
88 19532 61
17 25772
49 26004
9 26535
15 26836
51 27129
27 27132
73 27407
41 28171
43 28210
81 28618 53
89 9267
81 14406
69 18513
2 20839
51 22515
22 23480
65 24047
86 24087
83 24228
84 25108 53
65 16580
3 18489
93 19656
5 22189
39 23098
59 23630
7 24337
27 24635
55 25172
90 26843 61
44 7604
27 8257
58 10431
23 10879
46 11126
20 12284
68 12699
43 12937
73 14290
100 15233 54
9 2198
15 5059
41 6372
73 7292
49 10885
7 12033
68 13493
20 13822
43 13981
44 14092 53
62 15512
10 15535
95 16235
42 18129
24 18152
47 18409
98 18540
4 18900
90 18923
5 18931 54
47 11927
95 17243
45 18418
98 18952
5 19333
99 19553
79 19563
3 20153
81 20283
77 20346 60
41 5864
73 8816
15 9047
68 9557
9 10334
78 10886
60 12831
100 12891
19 15225
23 15371 68
47 11864
45 15533
51 17009
99 17190
49 17300
93 18381
81 18530
100 18576
27 18668
44 19189 53
93 15595
27 15858
7 16706
40 17639
49 18380
33 18629
91 18897
94 18959
84 18968
74 18997 53
66 14071
48 14435
98 20097
18 20446
12 20704
1 21708
56 21825
42 22630
86 22823
47 23538 53
46 13114
27 14787
5 15709
93 15752
43 16503
58 17383
19 17523
9 17842
41 17984
33 18172 53
95 10963
98 14800
42 14973
86 15514
47 16853
18 16859
56 16932
20 17098
58 17313
44 17382 56
95 9965
47 13229
98 14176
97 15724
42 15789
79 16253
88 16269
86 16400
56 16448
5 16593 55
13 28621
28 31802
26 34319
31 37669
50 38796
8 42512
77 44829
75 44852
57 46403
11 46714 55
97 10808
85 11796
46 12058
58 15273
43 15543
39 16952
16 17556
53 17731
44 17954
20 18582 54
19 9678
74 11281
94 12447
67 12953
33 12957
84 13878
9 14825
51 15467
81 16034
73 16179 55
52 34048
57 34305
64 36767
28 36790
83 38304
22 42682
29 43681
70 44060
53 44618
89 45839 71
2 11767
40 12191
94 12665
84 13426
81 13634
82 16524
14 16806
63 16961
74 17271
91 17423 53
75 15175
13 20508
99 21085
64 21424
31 21736
87 22506
11 23545
45 24354
71 25734
49 26065 59
19 8713
23 10499
27 12483
41 12990
9 13844
33 13892
44 14118
73 15136
20 15300
49 15501 54
98 16551
18 16644
32 17562
56 18059
95 18374
47 20156
86 21361
8 21438
48 21983
24 22187 61
14 19318
84 21748
30 22764
36 22828
74 22861
67 23787
53 23938
2 24047
72 24140
94 24513 53
91 14519
63 14655
67 17847
94 18701
37 19242
81 20304
14 20326
76 21184
84 21642
40 22117 53
16 20590
88 20665
80 21820
30 23149
72 23179
10 24657
62 24674
90 25429
34 26089
35 26424 54
42 8137
95 8359
98 8648
18 11703
86 11792
56 13218
47 14657
63 16582
99 17065
88 17515 56
13 24671
31 28555
50 29710
28 30158
26 31343
1 34766
8 36146
75 37390
11 37888
87 40015 53
50 21063
75 23193
11 23439
13 25708
31 27674
28 28349
8 29335
64 29584
1 30419
42 32955 53
26 19921
28 20822
8 22928
13 26841
50 27954
11 28870
75 30274
83 33268
77 34095
95 34538 53
77 16070
71 17810
78 17836
41 18530
73 19292
60 19311
68 20117
100 20295
15 20357
17 20711 53
69 15761
51 17847
87 18495
77 19259
89 19487
13 22553
81 23134
47 23272
99 23880
49 24788 53
5 13623
47 17381
88 17619
39 19726
81 19837
97 20098
45 20306
2 20494
49 20549
85 21064 58
79 10145
68 10207
100 10237
41 10526
60 12079
73 12384
4 12750
78 12896
15 13073
24 13358 56
100 12757
41 14098
73 14942
68 15193
9 16064
43 16093
15 16393
25 17346
44 17750
47 18083 56
63 7722
67 14140
94 14952
47 16121
91 16372
37 16409
84 16967
42 17155
99 17207
86 17562 55
95 11256
56 12159
47 12230
98 12637
86 14325
42 14704
18 17642
5 17726
88 19422
65 20303 144
89 11578
81 14035
69 17146
2 22008
93 22292
40 22430
65 22818
51 23572
84 24039
83 24341 105
47 14154
56 16419
48 16443
86 16487
97 17009
95 17408
98 17685
42 18414
5 18966
15 20160 57
40 25796
91 26352
81 28683
84 29277
14 30269
63 30396
89 30604
94 30968
37 31733
69 32118 61
31 30857
63 33817
37 34058
40 34257
13 34761
91 34897
81 34908
6 35790
89 36613
70 36718 56
91 18006
40 19968
81 20589
14 22393
94 23352
63 23750
83 24495
74 25338
84 25919
62 26204 53
8 20648
16 22309
98 22481
56 23033
18 23336
95 23860
48 24049
80 25217
1 25404
11 25470 53
56 15379
98 15857
95 15862
42 17352
99 17682
81 18556
86 18733
75 19012
51 19551
18 20486 53
32 11202
98 11659
18 11780
86 12033
95 13896
56 14521
42 15152
47 16054
48 17599
15 19750 54
45 19436
77 20438
97 22164
47 22701
39 22780
99 22811
75 23691
71 24620
24 25242
78 25404 53
6 19210
16 22579
88 23706
8 24170
80 24443
18 25102
90 26598
98 26689
34 27108
56 27121 52
48 22135
13 23659
47 24888
75 25018
50 25450
31 25757
1 26974
66 27055
77 27469
98 27675 55
47 8833
42 11161
98 11388
86 12606
18 13483
95 14079
56 16436
77 17228
99 18757
45 19024 55
27 9309
46 10620
58 11413
43 11493
44 12382
9 13248
23 13781
20 13984
41 14742
73 14840 56
33 16079
84 17886
40 18005
91 18055
81 18408
14 18700
51 20351
94 20613
19 20984
74 21641 54
9 4291
15 5638
73 5703
41 8853
68 10690
44 12433
20 13641
27 13700
43 13732
19 14140 55
76 17688
70 20232
82 20306
56 21589
8 22626
96 23206
35 23909
18 24452
42 24560
98 24565 56
21 21262
61 35510
59 38331
57 41201
31 41751
89 41751
5 43708
69 44075
39 44447
55 45681 56
15 6601
73 7892
41 8476
9 10814
7 12361
71 12414
68 12499
86 14724
49 14979
79 15719 56
12 21343
24 22324
4 23180
18 23185
60 23735
77 23818
86 23882
66 24038
32 24643
17 25097 56
47 11906
68 12902
41 14039
78 14569
19 14704
99 14924
54 15031
63 15581
15 16202
73 16215 55
99 13063
47 13237
51 13386
81 14027
45 15374
49 16195
27 16639
75 17663
97 18016
43 18417 55
68 8005
100 8407
73 9700
41 10962
9 11516
60 11645
15 11729
78 12896
44 13996
27 15341 55
5 13440
46 16261
27 16552
49 16568
93 16915
47 19222
43 20528
40 20647
81 20722
55 20809 59
85 14222
53 20591
39 20642
45 25210
97 25322
43 26293
75 26411
31 26478
51 26820
49 26959 55
66 12385
62 12735
12 13286
30 14226
48 15863
20 16175
24 16567
4 16809
36 16978
97 17385 60
93 11882
27 13933
46 14898
5 15987
3 17097
55 17296
90 17777
39 18292
88 18709
58 18743 59
81 13969
2 14214
19 16181
89 17110
40 17548
94 18124
17 18211
49 18259
96 18815
82 18873 62
55 15396
56 18762
47 21403
5 21425
98 23636
88 25179
65 25234
95 25337
18 25561
3 25689 59
5 17813
46 19128
55 21642
53 22397
88 23085
58 23431
93 23718
97 23918
47 24571
39 24998 55
58 11306
95 11876
97 12167
46 12535
27 12818
20 13297
88 13462
44 14019
23 14572
54 14817 55
73 7906
41 7938
100 9491
9 9910
15 10021
68 10407
27 13381
23 13441
78 13538
60 13705 54
2 15813
84 17570
94 19719
65 20013
10 20124
91 20365
14 20480
12 20590
67 20629
6 20886 55
20 12957
34 13244
86 13961
63 14663
99 16098
44 16213
42 16308
47 16824
1 16828
95 17304 52
32 15152
24 17933
4 19097
18 19242
48 19427
98 20015
86 21073
60 21716
56 22303
66 22359 52
13 17779
89 20729
8 21470
77 22293
11 25586
18 25828
50 25860
42 26250
51 26301
26 26597 52
53 15032
85 19443
16 22515
92 23685
55 24255
97 25101
39 25125
72 25264
88 25332
58 27872 53
8 17390
96 19660
38 20796
82 22820
35 23707
83 25108
63 25479
37 25884
70 25958
11 27196 52
93 14342
5 17271
46 17572
49 18157
27 18449
47 20053
19 20553
3 20923
43 20991
97 21212 53
27 10880
93 13905
15 14628
7 14816
41 15009
9 15103
73 15293
5 16206
44 16569
49 16614 71
27 15602
81 16606
86 17065
10 17334
23 17778
95 17988
19 18160
82 18410
2 18621
47 18684 63
19 5774
33 10611
73 11855
44 12393
9 12579
41 12747
23 13756
27 14114
20 14531
54 14685 58
13 11597
28 20536
8 21052
50 22182
11 22462
75 24300
31 27909
87 28465
77 28575
1 29342 52
39 25397
59 26577
5 30288
77 30763
61 31006
85 31599
3 32122
6 32898
53 33094
65 33503 52
36 14863
1 18361
48 18524
18 18627
66 19682
98 20806
50 21245
30 21467
32 21559
42 21565 411
83 14950
81 28084
61 28138
6 28942
29 29205
26 29961
17 30818
8 31286
62 31831
31 31835 54
41 6392
9 6670
73 6710
15 9205
43 12209
68 12973
100 13569
27 13997
23 14157
19 14275 55
8 14725
77 18356
26 18888
11 18943
42 19593
75 20255
98 20614
50 21267
18 21319
32 21743 54
68 7269
100 7375
78 9442
73 10278
60 10477
41 11532
44 13134
24 13284
4 13352
9 13992 55
75 16538
99 18382
11 19080
37 19118
50 19480
42 19502
51 20795
71 20797
48 21419
77 21509 55
63 10960
42 13105
47 14165
86 14406
91 15986
37 16185
18 17895
19 18309
94 18364
67 18496 54
86 13725
1 15788
99 16278
48 17049
81 17942
51 18045
49 18108
63 18205
75 19340
47 19566 55
88 17149
16 17152
80 21488
6 21499
39 22322
72 22575
90 22791
17 24345
95 24351
34 24397 53
20 8771
68 9002
44 9565
23 10414
62 10765
24 12059
100 12126
34 12390
4 12541
78 13171 52
77 15349
79 15928
68 16290
47 17048
73 17151
71 17287
51 17469
17 17576
100 17636
15 18276 53
83 22188
77 29541
31 32263
26 32671
6 34116
96 34524
63 34757
51 35125
29 35735
91 35937 51
2 20709
22 24066
81 24384
96 25134
89 25557
51 26195
14 26278
76 26816
94 27103
91 27329 52
100 10233
44 10616
86 11974
23 12075
41 12192
20 12560
47 12605
43 13095
73 13104
68 13297 52
17 18925
6 18987
62 20218
14 20715
10 21023
81 21925
24 22672
60 23185
12 23191
4 23198 57
14 10653
84 10913
74 11830
40 11986
94 12960
91 14358
33 16264
67 17660
81 19793
19 19895 55
48 13378
12 17455
1 17705
18 18527
66 18558
86 18812
42 19131
98 20330
47 20839
50 20985 55
5 12751
93 12878
27 14147
9 17168
7 17893
15 17943
41 18324
47 18557
73 18594
3 18849 55
23 11198
41 11313
15 11602
27 12098
86 12273
73 12567
20 12659
44 13371
68 13550
60 13828 55
27 11493
93 13382
9 13844
46 14298
41 14388
19 14653
43 14671
58 15295
7 16411
15 16515 56
39 14808
53 17483
31 21518
85 25518
5 27009
3 27379
45 27470
97 27886
55 28942
46 29706 55
24 13044
60 13387
4 13410
62 13974
12 16257
78 16352
66 17240
100 17321
68 17459
23 18969 55
87 11906
51 17058
69 17954
45 18774
73 20458
49 20571
99 21287
100 21451
15 21993
47 22371 55
89 11799
81 13782
2 18723
65 21031
83 22112
22 22382
51 22681
61 22800
69 23083
96 23840 58
75 16143
99 16561
13 16992
87 18160
50 19555
51 19950
11 20049
89 21784
86 23596
81 23789 54
8 21194
57 24545
26 24845
13 26155
89 26439
64 29659
28 29690
70 29984
18 30330
52 30558 57
31 9715
45 16351
99 16954
75 17302
77 17491
87 18889
51 21371
13 21499
49 21974
30 23542 54
41 5268
15 6335
9 6904
73 8218
7 12235
68 13795
49 14145
71 14604
78 15510
43 15661 53
93 13028
5 14979
7 17225
65 17680
27 17869
46 18234
47 18619
88 19431
58 19469
43 19651 53
51 11446
71 12038
49 12241
99 14403
73 14582
7 15155
81 15191
15 15263
41 16454
11 18071 53
27 13839
40 14280
33 15718
93 16320
65 16720
19 17153
7 17419
74 17930
23 18071
84 18881 53
3 17567
65 17672
93 19056
59 23370
39 24096
61 24321
21 27087
27 28735
40 29074
91 29376 56
37 8936
63 10169
40 13697
91 14717
94 15451
67 16765
74 17293
51 17735
84 18076
68 19808 55
3 13149
65 16130
90 17759
55 21626
93 21820
61 22627
5 23333
10 25077
56 26486
88 26753 55
45 17469
49 19526
77 19961
71 20115
15 20686
7 22440
85 22871
47 23166
73 23555
51 24033 55
41 7167
68 7478
73 8355
78 9533
15 10800
100 10848
60 11794
9 12307
71 12957
23 14820 55
68 11322
100 11466
73 12385
60 12676
47 13320
24 13529
15 13674
86 13951
4 13953
12 14578 56
6 21520
83 23054
14 25462
17 27464
91 28729
67 28755
94 29557
96 30248
35 30353
8 31134 55
1 20398
75 22570
86 23297
48 24377
42 24570
50 24600
98 24825
81 25496
47 25542
56 26255 55
59 16812
3 22339
5 23643
65 24426
93 25270
55 25732
39 25744
61 26723
21 27065
10 28643 55
27 9076
9 10603
41 10977
15 11454
73 11731
23 12176
44 12551
68 12560
19 12726
100 12898 55
27 12131
49 14613
47 15209
81 15631
93 15754
51 16970
45 18156
15 18473
9 18912
99 19075 55
59 15888
3 22353
21 23483
93 23570
5 24847
55 26416
27 28427
91 29752
81 30517
46 30692 57
2 15019
86 17705
47 18030
82 19318
81 19716
19 19890
49 20234
98 20959
65 21431
23 21740 65
89 9241
69 14677
81 17548
2 20643
65 22447
22 23676
57 23677
51 25027
83 25124
84 25802 54
32 16811
18 18587
48 18884
77 19370
98 19618
4 19832
24 20516
86 20642
56 21424
60 22863 54
99 13247
51 14306
11 15629
86 16774
79 16811
75 16891
42 17403
1 17607
47 17907
95 18153 54
83 17886
2 24571
8 26182
17 27648
89 28305
32 29754
96 29976
81 30822
51 31109
90 31224 53
58 11021
27 11123
46 12576
20 13220
44 13542
97 13682
23 13721
43 14791
68 15097
95 15481 56
97 16785
45 17753
55 18477
39 19615
95 19712
68 19754
27 19800
47 20314
15 20694
100 20852 53
70 17058
96 21248
22 25746
82 26036
63 26419
38 26584
53 26638
76 27034
35 27049
81 27346 54
98 18560
42 19057
47 20661
18 21333
95 22343
82 22727
81 22849
56 23134
91 23770
63 23856 53
53 16601
16 17510
39 17632
97 17928
30 18405
80 19494
55 19834
88 19969
72 20257
66 21716 53
27 9775
23 11185
93 12558
10 15241
58 15595
90 16421
62 16860
5 17151
95 17471
47 17675 53
21 15374
61 25102
59 29709
53 37982
55 38049
39 40009
5 40388
3 40538
29 41189
6 41764 56
97 20078
39 20418
5 22879
85 23056
25 24134
43 24487
53 25049
49 25265
45 25398
71 25440 56
5 6757
46 11928
27 14253
43 15383
73 16206
55 16464
58 16639
41 16858
9 16914
97 17018 55
83 28770
91 29085
61 29220
40 31653
14 32120
6 32478
96 33398
94 34003
84 34046
63 34127 54
58 7526
46 8325
23 8474
44 10369
20 10523
27 11556
97 13093
54 13115
43 13772
62 14959 55
22 21136
2 22757
89 23443
69 24311
50 25542
53 26848
8 26946
81 27168
65 27341
61 27954 55
93 13443
5 13452
65 15327
27 16368
97 16489
46 16617
47 16700
85 16971
88 17414
58 17530 55
47 7272
86 12453
49 13784
44 13817
95 14196
23 14652
27 14678
20 15875
99 15892
42 16030 55
81 11629
51 16826
2 17226
89 17414
19 17697
49 17709
99 17895
40 17996
33 20122
84 20809 54
27 13396
5 13824
46 14041
55 15577
93 16951
58 17384
20 17551
15 17590
9 17707
68 18116 53
19 8732
23 11152
54 12533
33 12985
44 13651
73 14071
41 14423
20 14605
68 15106
62 15281 53
81 10560
51 13289
99 14062
19 14484
2 15275
40 15939
49 16456
47 16972
33 17843
17 18056 53
40 11803
81 12298
63 12781
91 13203
94 13547
84 14562
67 14847
74 15013
14 15104
37 15546 55
87 15844
75 18859
45 19050
99 19649
31 19758
49 20773
15 20891
71 21860
77 21934
47 22117 55
50 20559
75 20815
98 23020
86 23522
56 23638
76 24517
42 24799
81 24851
49 24953
22 25331 54
5 12506
46 15545
88 17912
58 19562
55 20407
30 20598
62 20969
97 21061
23 21332
10 21408 55
47 11483
95 12795
42 13365
56 15052
98 15394
5 17849
63 18230
86 18730
88 18743
99 19441 56
75 15846
51 16451
11 16704
99 17742
81 20646
13 20949
89 21895
71 22257
49 22640
31 22731 56
51 10277
86 12969
99 13968
11 15122
47 16628
81 17244
49 18184
94 18717
75 19100
73 19435 55
5 16845
49 21863
7 22521
47 22683
59 23026
46 23646
55 24044
45 24336
93 24526
71 24698 55
50 15947
13 18378
8 21081
11 23265
28 24081
1 24129
75 25009
26 26642
77 27466
31 28878 54
45 7746
47 10007
99 11497
20 16234
98 16876
42 16895
44 16984
95 17001
100 17531
58 17533 55
98 10885
18 12138
95 13496
56 13513
42 13960
47 14788
86 15981
32 16100
45 16993
88 17032 55
58 11314
30 12720
34 13340
20 13553
23 14894
88 15234
97 15423
72 15534
46 16341
27 16650 57
56 21570
42 22301
88 22745
98 22822
8 23731
50 24749
18 24861
95 24941
11 25379
32 26805 54
89 13243
69 18319
81 21080
2 23793
51 24299
84 25406
61 26088
14 26186
11 26578
91 26731 69
47 11695
100 12191
19 13061
49 14289
71 14304
73 15006
79 15089
41 15102
51 15220
68 15275 55
17 10872
20 13987
79 15544
62 16087
54 16847
58 17064
18 17724
95 18038
44 18229
34 18568 55
7 6547
49 9229
15 10965
9 12132
41 12598
73 13272
43 14893
71 14974
27 16769
99 17713 56
85 11374
53 17893
39 18182
49 19553
43 20061
97 20108
27 23459
45 24182
5 24623
46 24748 60
81 11946
89 14915
2 17391
51 17731
19 17884
84 18408
69 19149
94 19421
40 19889
99 20590 53
40 22242
94 24760
37 25033
91 25140
74 25188
14 25387
67 25806
81 26509
63 26844
84 27197 53
87 24115
31 24829
13 24969
55 25861
75 27728
89 27783
45 28093
81 28310
47 28586
58 28728 53
93 6814
27 9725
3 14655
19 17279
47 17281
5 17729
49 17743
9 18020
23 18641
15 18795 53
89 16206
13 17820
8 20379
11 20731
50 21109
51 21844
75 23125
42 23543
81 23871
69 24084 53
99 10539
51 11470
81 14449
76 16175
63 16560
49 16885
75 17475
71 17630
19 17659
73 17704 56
96 14011
2 14278
89 15890
22 15945
82 16679
76 18241
81 19755
52 20641
70 20805
57 21668 55
46 13567
95 14148
5 14548
44 15601
20 15867
97 16051
88 16224
55 16251
56 16313
58 16558 55
37 9383
63 10104
40 13256
94 13724
67 14398
51 15682
84 15827
74 16168
99 17009
91 17124 54
99 13455
68 13807
51 14376
45 16672
47 17059
100 17453
71 17642
78 17832
73 18044
79 18277 55
95 12069
98 14778
42 17157
56 17348
47 17487
88 18185
86 19560
90 19803
58 20121
81 20323 55
31 25821
6 26524
2 28367
61 28376
14 29332
84 29458
22 29558
91 29595
30 29664
38 30334 56
5 12228
55 16871
46 16965
27 17742
47 17920
15 18934
68 19274
95 19360
73 19379
49 19646 55
5 19164
39 21007
59 23061
77 23527
81 25588
31 26281
45 26639
49 26872
51 27119
85 27199 55
