80 21117
82 22057
92 22414
72 20166
61 18283
68 17231
106 19213
73 20605
99 18334
76 22114
69 18205
76 18520
78 22843
79 21951
84 23631
79 21606
93 18991
87 18578
90 21098
85 24653
66 33359
75 29457
84 23527
87 24721
83 23558
63 19972
89 23885
81 19985
60 20027
60 21785
102 20570
43 20806
96 22182
61 20108
97 23067
89 25631
122 23431
94 24616
86 23404
63 20620
89 19799
88 22944
82 22525
67 23161
75 22743
86 23244
83 24765
54 26372
75 21816
60 23136
153 29835
120 27406
95 24254
79 23633
53 21440
85 24723
79 27036
69 24236
82 22155
83 24950
99 25337
77 25067
92 24857
53 25370
96 26048
68 23612
92 21394
83 23291
76 22606
96 24435
79 24825
94 20904
71 21738
82 23565
71 23910
61 22116
73 28939
84 21433
74 20804
81 24016
51 23054
69 23769
64 27684
67 22267
69 23410
81 27243
45 25865
69 27428
60 27234
79 23830
96 24931
79 22673
97 22123
59 26298
63 21995
79 25145
121 28519
89 22537
77 22002
89 25003
69 22345
73 22214
124 26463
83 33406
80 35245
81 32337
75 29739
75 26496
101 21711
66 22175
67 24270
77 25093
66 23616
97 29036
73 26145
56 26809
93 25418
83 24444
71 27168
87 26865
109 26425
71 22463
89 25254
80 22333
53 21942
64 26191
73 28068
76 24886
86 27772
118 24102
76 22389
52 22557
66 30240
88 27012
103 24620
79 29523
121 24811
80 25080
100 22383
63 26260
106 22154
93 22377
104 27155
75 26052
71 21876
72 27236
82 24242
96 22262
85 24959
74 23775
88 21949
91 26882
81 29342
69 25797
77 26451
86 23930
89 26595
67 24632
128 28259
122 26857
73 27747
77 24873
65 27224
79 26520
68 25221
112 24212
85 27746
72 26083
101 26197
46 26530
102 29502
115 30950
106 25344
114 25344
78 22917
95 26113
93 22336
81 22489
64 24587
80 25521
89 34031
69 29532
61 36494
70 32285
77 24231
64 22265
122 25375
86 27132
72 28316
72 28228
107 24843
95 26958
83 22607
75 28452
71 26453
106 25649
94 25373
85 23395
115 25096
81 22052
74 26876
83 25236
70 22449
61 26654
68 25009
88 25702
77 27518
69 26072
80 27629
73 25821
85 25250
77 24994
75 25025
76 22376
70 22275
83 24340
93 22865
43 22259
95 24900
84 28542
76 33796
83 30067
88 39238
81 34192
82 32207
71 30170
89 29868
68 30285
91 34261
71 36118
71 28271
76 38453
72 28415
66 31370
88 26291
115 26928
79 33701
84 34287
88 43255
69 45123
95 42805
85 30999
90 33480
54 32452
93 31832
70 28611
79 30566
88 29489
87 31365
101 37304
58 33518
100 34942
109 32639
66 28889
85 27891
93 29534
91 29648
76 30438
76 34711
79 30174
65 27803
93 30303
96 25765
81 28419
128 30009
92 28681
110 27584
98 28584
82 27033
83 33475
88 37322
78 28251
80 29839
69 31111
85 30656
70 29971
86 28592
93 31318
95 29195
91 28114
69 29643
55 30884
97 30975
68 29108
90 30627
90 32320
65 34046
51 28975
89 31409
85 32860
82 31325
83 33395
90 30149
84 30796
83 30284
85 32086
91 29976
52 30615
80 29992
82 30156
79 31956
66 38087
87 33151
68 28621
62 31668
86 31625
89 32163
75 32892
69 31949
35 29611
95 30006
73 31522
96 30503
90 36999
81 35043
67 44681
92 37563
74 34167
82 29239
76 27918
70 27352
61 29915
85 30503
82 28303
124 23676
85 28875
102 25401
98 53291
72 31996
61 31373
94 66585
47 31857
81 48280
95 26543
93 27316
50 25283
68 29151
71 24281
81 27099
86 24032
68 23021
51 26676
87 23205
107 23717
101 25715
64 26230
93 25531
60 32472
65 28006
80 27179
57 25249
59 26505
66 28011
72 27449
79 28153
70 34818
88 26741
84 25536
96 23379
57 26021
78 25256
78 23387
82 26188
86 24207
89 31731
80 32863
88 27110
93 32114
79 28309
58 28419
82 27842
68 28696
66 26983
108 26526
91 23122
67 27387
96 23683
77 29346
44 30175
47 29030
92 31752
53 50563
73 37575
70 29725
98 31143
71 24947
87 24264
80 34277
92 23189
76 28541
68 26170
68 25717
69 25882
77 23235
89 27002
88 25828
95 23286
73 26909
104 25961
122 25857
132 27995
112 26130
97 27952
72 31129
60 25555
74 22118
62 25844
79 25250
74 23052
73 25641
84 22165
63 22130
115 24227
82 25076
91 27299
62 27992
77 22622
102 30776
140 24831
80 22083
86 25153
88 22366
65 22668
84 27519
127 25819
71 22206
58 24538
71 22019
101 22134
78 27768
64 25201
85 24514
76 25304
102 21735
94 23454
64 22957
86 25230
80 26749
81 26978
58 26935
89 25212
87 24764
80 23856
88 28972
108 26260
145 25136
90 27900
74 26886
67 27708
77 26909
59 27800
86 26045
85 24613
88 28801
80 31487
87 30107
72 34071
69 39050
66 41410
55 30703
85 27897
86 29420
83 23388
73 28982
89 23587
74 28451
114 24780
55 25209
84 24300
79 27488
88 24184
79 26725
64 25898
102 22603
72 25136
67 25598
92 26662
80 26063
78 26917
77 28737
89 25404
78 27347
92 25283
64 26000
96 28364
78 22508
79 24693
95 24660
74 25948
79 29675
74 27528
83 26874
85 26956
88 27962
81 23356
61 26930
106 23679
107 29374
88 25122
47 27951
108 26811
105 26314
70 25039
70 25982
119 25432
81 27298
86 26700
70 30688
81 30012
84 25760
95 26794
62 27356
87 28478
84 34388
68 37875
73 47315
77 37193
104 37137
98 57039
87 39858
84 44634
95 42714
61 38128
85 38049
97 50890
47 66415
68 54745
80 45459
80 43459
66 41509
65 40955
90 53818
78 39947
73 42821
104 35499
74 38968
106 28690
78 35341
83 44611
63 39736
76 32953
76 31887
85 43827
94 47507
69 40919
115 35590
105 42530
74 38088
120 42330
83 36113
84 32580
91 35986
84 36238
68 35896
100 38722
72 41411
86 56860
85 38766
83 45769
80 41905
67 38773
64 39579
96 45073
67 55088
60 44271
64 39548
63 36359
73 34943
66 31692
65 33451
84 34864
88 33039
74 36388
79 40363
110 60931
127 52286
81 55809
70 63236
75 55110
86 73821
80 56961
87 64893
67 45067
68 47175
81 40334
69 40338
82 38768
94 40830
79 42011
79 36115
91 34207
76 33549
136 30092
80 34934
111 31240
72 29528
65 30701
76 29018
66 32471
63 30770
63 28415
76 31196
92 36768
84 31931
72 26923
69 27383
90 30986
71 30246
67 29550
73 29634
92 30290
64 24522
65 27679
68 25121
87 31264
73 30210
111 25689
75 24842
99 35674
68 28527
54 26857
65 28548
131 27455
127 27663
90 26275
69 27616
92 24174
76 29866
73 35306
76 41398
96 37956
67 33978
85 25627
80 29103
85 31792
80 26769
86 24088
108 30522
103 28155
55 28025
79 27611
71 27899
73 28175
90 28732
100 28586
72 27917
92 28181
80 28913
58 27832
60 34199
71 25440
50 40748
72 31313
76 28499
112 25750
76 25969
89 22548
73 25472
67 22319
67 22880
76 24726
56 22000
68 22128
84 25057
88 21998
35 22037
78 25972
91 25697
53 26517
71 28496
83 27575
70 25539
85 23440
79 26746
82 22072
68 22484
94 26733
70 26141
96 22328
72 25008
80 22136
59 21842
78 26772
78 21788
75 22580
70 26342
107 26115
35 26656
81 31961
63 29008
88 24730
67 23757
81 27649
82 23817
132 22423
72 25133
84 26364
87 23784
56 24801
84 26266
83 28100
96 22557
85 31456
65 37936
90 33569
74 29851
87 37146
111 26034
31 26282
88 24399
77 22713
78 23058
91 24747
66 22531
91 22584
71 24778
70 22070
83 26914
97 25526
60 25435
86 22718
92 24189
73 22111
99 23720
88 25436
107 25332
71 32113
59 26964
109 23878
85 28910
57 27118
81 25605
87 24000
66 25935
97 24017
61 23779
74 26333
55 21621
55 21687
82 27888
112 26610
66 25802
69 24586
64 22395
101 27293
84 29186
99 26455
62 27607
74 24615
76 23711
82 24240
91 26025
63 22045
58 27597
57 24463
64 24087
80 27179
70 22475
101 21889
70 26156
79 22595
92 22187
78 24512
86 22649
124 26419
76 29732
88 27227
62 27018
95 25187
80 26857
88 28427
69 26964
89 24783
84 24918
93 25168
50 23666
83 23835
84 25907
109 25412
64 26610
84 38666
116 36566
69 52690
69 28309
60 27897
56 23361
64 24920
67 26647
84 23780
74 26998
90 24524
85 25177
61 27879
105 22508
89 24595
76 22879
59 26221
83 23766
95 21742
86 28710
82 26388
80 24208
70 27905
51 26279
107 25434
81 25597
75 23957
73 27409
87 24928
96 25151
111 24611
94 24910
97 22322
68 22071
84 24813
73 24210
79 27025
64 25317
88 28534
60 28084
94 26278
67 25442
31 23987
84 32339
121 29906
86 31455
108 33039
77 34133
88 32469
70 40365
90 40171
77 42024
79 34175
87 44796
70 43005
74 40675
58 48113
80 39324
65 32511
71 32369
83 30785
74 29500
75 29652
88 25831
85 33399
74 31721
62 34002
105 42136
95 42738
61 32643
96 31505
70 30897
83 26979
69 25244
51 28399
52 24471
63 30288
81 27774
82 26134
63 28881
84 29010
93 24960
85 34122
63 27806
81 28152
70 29027
77 26214
72 32051
75 30065
72 29554
63 27171
78 28199
73 27887
76 29935
163 28216
84 27945
74 26136
92 30348
61 29724
74 33969
98 27314
115 27173
81 28039
55 27636
101 25782
89 27026
63 24093
76 28212
102 25620
96 26151
87 22882
61 26006
81 23964
73 26421
105 26405
100 26773
84 25993
72 33637
101 25032
98 28735
134 27107
94 27946
107 24118
103 31456
62 26313
69 24324
83 24676
92 26208
87 25491
82 23973
86 26078
72 24613
77 28574
66 25427
83 27869
68 28630
76 28101
65 28849
108 36789
80 37107
88 37851
31 32307
90 26800
113 24741
95 30113
90 28273
84 27660
88 25391
94 27081
63 23298
101 26372
61 29407
92 24637
52 26517
73 23493
106 26576
84 23381
102 24510
105 26087
82 24880
111 35609
58 33482
85 33296
42 23115
83 23519
77 24954
55 21959
54 22630
113 25741
85 25043
100 25556
104 27624
61 24595
66 25529
71 22168
67 26667
62 23602
60 25465
60 25610
72 27345
88 27378
73 33821
85 31478
61 24728
107 25873
88 27585
92 28215
62 34255
80 30083
63 23608
60 28102
70 43046
97 44552
87 43560
98 37723
76 45490
73 54925
64 29613
46 28616
74 24280
83 25648
81 31292
71 24517
33 26446
86 23732
86 28828
85 28773
100 33246
101 39276
97 34702
91 31080
88 26564
85 22792
67 25722
87 29125
55 28139
91 28003
70 27760
68 28613
85 24353
80 22024
79 24736
102 22016
97 23026
81 26519
60 25604
68 26671
102 27366
74 22988
87 31283
109 26081
61 24997
71 24694
62 23649
71 26082
72 22016
89 25496
82 28689
76 22028
72 24870
95 22092
90 22350
80 25870
99 22119
58 24753
67 25693
82 24268
89 22392
90 25521
94 25164
81 26661
65 24852
45 23557
89 27823
97 24928
101 26457
81 30357
79 26064
74 24837
60 22288
69 25304
61 22366
71 22057
82 26718
120 23276
60 22260
53 27722
93 24016
101 22142
72 30950
85 24402
68 24511
113 27540
86 26598
100 27543
87 29803
92 24174
72 26044
68 26669
74 26661
65 23737
90 21851
75 23826
41 22954
80 31751
59 35570
84 36659
99 33013
70 25362
74 26102
88 24717
97 22349
56 28601
76 25373
91 22402
76 26555
75 22971
78 22251
80 23948
100 21928
86 24608
80 25121
75 25409
84 22115
70 28451
56 25526
90 24260
78 28859
72 26751
92 27900
74 24313
63 31701
115 33020
80 24513
88 22060
88 25930
68 22338
45 21729
86 24931
93 22753
