3717 39983
5452 33650
1190 28732
7704 27081
4829 24081
1093 23362
6151 23873
7595 27049
10715 22764
7388 28102
5683 27779
4104 27750
3030 24559
4252 28739
3113 26928
5647 22926
4331 25439
4932 24024
7897 23800
3066 22992
6044 27777
4670 27980
4888 23715
4620 24159
4188 23217
12408 28089
4438 26521
5798 22883
6539 28604
2018 27049
7524 22714
1914 22752
4152 23834
8156 26557
5779 27414
9434 22333
5860 26308
1827 24006
6149 26484
3495 22745
1200 27956
6568 22949
7104 22661
6895 25745
5300 23073
4304 27767
5973 23796
6485 22892
12609 25883
4822 36466
4631 34119
7632 31559
5511 25224
4177 25123
7588 23682
2845 24574
8010 23522
1544 23724
5382 24748
3074 23789
10240 23719
8462 27360
4541 23851
7676 24811
11756 30029
3051 27046
4718 25334
7875 23364
5234 23915
5004 25290
7574 23585
5654 23714
8019 29871
7785 27638
2434 23872
7767 24671
4605 28842
5990 23362
4072 23909
12057 27555
6863 25206
6475 24871
6209 28518
2988 24576
7018 27704
10313 24549
7088 25358
7122 23935
4741 25618
2977 27629
5049 23868
3934 24966
4356 23796
10544 25803
4289 27746
13250 24177
2892 28094
10638 23820
5216 24434
6558 23650
3732 27868
5704 23725
4976 23746
6441 26976
5093 23100
3494 22415
7755 23783
3924 26144
4872 22915
4554 26723
4666 24438
4450 27624
5111 26654
4579 22605
6216 23691
4356 26523
3486 23482
6393 22628
3040 24367
5078 22744
10847 22652
5754 25862
5347 26700
4299 22449
10297 27909
4992 26014
8780 23016
4160 29332
7142 34696
4440 33695
5924 33128
6226 29020
6227 24603
14560 23891
4345 25112
2133 28951
3762 24269
2341 25241
5423 28859
6028 26384
2692 23927
3791 24324
6573 24282
941 25110
6771 28884
1872 24499
5362 27505
8335 24577
3211 29269
6281 25241
4122 25645
9302 25219
4713 29392
5920 23867
1757 24117
9073 24066
4587 26356
4088 25520
10554 25518
4380 24357
6197 23637
4431 28596
6113 25618
8613 23649
6251 24584
6114 23653
5001 24919
3994 23810
2283 24506
5316 27931
3473 24026
7582 25602
8420 29481
7226 28908
6380 24051
3587 25848
1480 28574
5479 27745
1084 29564
6407 29433
1810 24761
7829 23689
3967 25968
7619 22793
6499 22844
5453 23730
9833 28060
5791 25309
9115 28900
2209 29770
4814 29847
1155 30449
4774 27471
6294 26614
5351 23623
7348 24095
3569 26236
4666 28915
4474 24271
11430 27873
14619 24734
4920 25208
2230 32284
1881 39898
1225 48692
3763 47436
6702 35986
5615 30691
6406 27850
12593 28130
5319 28838
3018 30371
8655 28630
4381 26326
6636 25382
6438 28273
6988 31627
7526 40463
3683 30937
4425 75144
7334 49639
6807 33315
14426 32443
4958 33685
1838 35255
6764 43668
7633 39507
4100 34405
1693 30363
2807 31499
6642 29951
3277 34639
7213 27066
7005 31427
3923 39162
4492 32928
7210 27586
5520 29444
6640 27202
1393 30318
5347 27217
6822 30026
8175 25131
5567 27969
5745 28201
8095 25291
5440 25104
7660 26019
7991 26740
5091 25014
10595 26522
2386 34349
6530 29098
4370 34698
3971 42236
4188 39466
6501 34838
4673 37681
10472 30047
3263 33561
5828 29386
5523 30634
5017 37998
5146 41900
5500 40354
2216 35902
8186 36756
1532 29210
7763 29713
5671 28612
7838 31386
6063 28974
1636 32669
6444 30968
6999 30948
5029 27556
2172 27548
7830 27120
7130 28632
847 28456
6798 29875
5319 27561
5557 27211
4608 28952
4294 29410
6575 28607
4743 25819
12627 30785
2964 27708
6275 29579
7494 34216
6596 36341
6293 36726
8657 36307
6118 39291
6843 30268
8033 31556
6286 28363
6809 29640
4913 29076
7665 26603
8245 32737
1683 30486
4726 31922
6508 35445
6112 30816
5139 33429
4818 33059
8005 31983
4447 29750
5069 31465
9305 33400
5515 28948
6116 32904
1922 36354
5060 27152
5063 25217
7280 24688
7690 25499
7442 26146
5472 25372
5321 25244
5561 28643
6089 31204
4710 29005
6277 25654
8601 29309
6771 33002
7081 36780
1787 43491
1691 33056
4392 32270
1549 31194
7002 29716
5186 28354
3712 30521
6347 28182
6813 29558
8278 27597
4848 30269
8436 28771
6667 28340
1150 29564
4847 28214
4327 30585
3155 29271
5355 26480
6252 30533
1668 28001
5953 27890
2959 27525
6322 30741
9252 28733
10543 30508
2359 28494
4214 29546
4565 30485
1406 29252
8159 28139
7390 27690
10864 27458
5547 26979
6231 27148
5760 26476
6426 26415
3718 30085
5315 30627
5061 27544
3176 29193
5349 26935
5079 29450
7244 27730
4997 26040
7548 23883
4961 26049
5087 28127
2488 26702
981 24388
2259 29283
5538 28293
6023 24813
8772 23557
5847 29191
3009 28808
5345 26734
1234 24627
3985 24264
4681 25863
2333 27609
5441 24724
9949 25827
6534 27999
4020 24672
2209 23802
4592 27886
5348 23895
8633 24272
4374 31429
4705 33581
8359 34244
9365 32689
3890 30810
9454 26211
7160 29011
7129 28805
8940 27014
11773 24501
6276 28349
6736 25115
4156 33026
3781 39713
3906 34456
9249 33841
8865 35567
4007 30816
4041 30739
1876 35580
5060 39362
5665 29026
928 31885
4726 30292
9574 33413
4232 40178
8085 39163
5033 37767
8358 47061
3244 40276
1375 43811
6368 35477
5379 43057
1586 39840
5509 44080
6052 33141
4921 30888
4249 29092
7308 35589
4445 30058
17601 30291
3993 30446
4029 32980
10055 31846
4188 31892
7726 33585
3778 32950
9103 33985
9681 36645
6111 45678
9052 41479
5635 37693
15193 31290
11901 32400
10268 34649
5948 34684
7173 32314
4929 33548
1392 37895
4814 50455
5615 54738
5300 48910
5096 58152
6318 55045
10821 47355
12573 48176
6536 44689
10112 39595
6748 40309
5535 39234
7792 48394
6671 46462
9447 41878
5603 37173
3798 39582
4696 33951
1409 36472
9787 41903
15437 40826
2319 45702
5268 45455
6884 42014
5477 37130
2305 41569
4042 37683
5931 40518
4446 41017
4923 44791
3338 40978
8240 33650
6693 40633
4365 38107
1205 36521
5792 37928
5379 45030
8605 38890
6111 39856
6574 37922
12425 37525
4732 39685
5022 39796
5935 41029
2760 40343
7555 44096
6823 37381
6914 38043
8634 43672
1547 49547
7278 58018
1314 47854
7399 67638
5707 66347
4983 52304
8627 63020
3704 43446
6117 39174
9552 43578
9683 59262
5105 44968
5022 37627
5671 41321
5948 68954
5519 38187
4320 71435
3791 37292
8378 34727
3482 34901
6045 34585
4813 37696
9121 47309
8083 52111
8077 37628
2161 38491
4583 44556
4860 53607
3636 39942
7204 44091
3630 50451
5454 46246
7617 57230
1723 41625
4759 34546
9150 33929
8179 34654
5327 32205
4761 34916
7537 33809
7402 32268
5401 35116
3865 29223
8294 30204
6087 36146
8642 44415
4662 51137
7658 31580
10074 40191
8196 30019
7025 33329
4153 28677
11590 32124
8128 28735
4687 31585
11109 30939
3547 34306
7428 33616
3600 30102
2701 29559
4156 34018
4822 34833
3078 31988
4542 29434
5124 33452
6780 33938
8501 28658
5937 29601
4836 30947
5856 30716
5051 28400
6646 29188
8460 33535
4777 29413
6748 31139
3609 28261
9657 33952
8216 26962
5186 30951
7352 26518
3438 30397
4446 26843
4506 30112
8149 28637
7053 27222
3862 29879
4918 31805
5260 26848
6090 31727
5144 27606
5248 29813
5394 27239
7722 29361
8254 30654
5252 31544
5413 26937
4117 30711
5735 28058
8340 29943
6178 29759
5741 30947
6152 26145
5041 29875
6298 26955
3795 28639
5460 27394
7529 29053
10958 29221
9145 31795
6266 32883
4089 35941
3036 45993
3945 38374
9478 37077
8276 31051
11377 31326
5394 26118
3785 30188
4608 27073
5712 31490
3891 30899
14198 32662
3152 27738
3659 33059
5680 28517
5529 30225
4104 28291
8959 29628
5850 31262
5667 30460
6383 29006
6093 31199
4896 30815
5564 27349
5925 28126
5484 30143
3572 27034
5473 29004
6930 26598
8189 31309
4581 25999
9739 31339
6635 29197
1725 31436
9930 27035
3979 29126
6707 27005
6267 33521
2198 26800
6164 31138
10043 27601
9731 30354
6895 26564
5929 31643
9312 26935
9533 28238
4802 27399
3799 30366
4976 26926
2200 28546
5798 27859
9415 31555
3890 30060
3437 29874
5207 25822
4273 30336
3881 31126
5006 34185
1627 30704
7156 29302
5574 30551
1637 32672
6881 27913
8590 33985
6973 27598
4042 32078
6884 40838
7941 37421
1933 36755
4996 32889
10732 27179
4948 29770
7271 31643
5547 28881
4777 29213
3392 27226
8629 29888
11439 26360
4492 31750
8488 28353
8648 31320
1466 28617
2885 30619
4527 25896
9842 30022
3828 29540
2238 30322
8919 32692
6098 32118
6367 27567
3151 31616
3657 29271
4603 29194
7930 31049
5884 30926
6215 26483
9186 31268
6733 29145
4515 29880
5138 30187
5266 29924
9370 26964
4278 30196
10421 31014
5993 31823
13876 30102
8770 31766
5739 27623
5118 33311
6735 27668
3669 29210
1580 27126
8838 29715
5653 27573
7739 30667
6507 27886
6159 30872
4981 28071
8268 31374
3474 29309
6948 29704
831 29784
9474 30546
7267 27085
5116 31635
5185 30434
4148 32277
4958 26257
6426 25972
4089 30648
9206 26585
1849 37437
4183 45658
9317 41251
5864 30260
962 31297
3767 31690
8225 29681
6755 31314
6587 27222
944 31503
1868 30295
3047 31751
3817 28349
2401 33274
4038 28622
3945 32694
7168 28954
9079 27828
6419 26844
7381 30816
4348 29905
13279 31036
1914 28658
1457 31844
3639 26419
7507 32668
9199 27640
1505 32441
2575 28004
3572 32067
9451 30396
10708 30110
2697 27793
7465 30501
5224 29080
8443 30394
4831 26776
6571 32649
1432 30740
8294 37642
3361 30128
4978 31211
8574 27433
3714 30413
4856 31254
3477 28840
6427 25972
10681 29320
4300 27065
4695 31909
5293 26605
8451 32597
6118 29469
1571 30630
12113 26730
5496 30216
10066 29597
5840 33952
7497 27657
6596 31232
6475 27574
5707 30277
7524 26331
5213 29433
988 26663
12991 34558
7755 40277
9276 39810
7174 39602
3109 37063
6062 29720
8444 31235
5191 28127
3178 26587
6862 29650
7147 30375
4879 33149
7831 31129
7844 32176
1654 27559
4945 30858
1317 26483
6211 33587
4210 28345
6889 31493
5624 29273
2824 32223
4553 31011
6840 29407
6047 27404
1080 31139
1786 29085
4505 32254
6849 29418
8826 30080
3520 26016
8796 32065
2931 29410
6296 28872
7195 27022
7740 31722
6459 27664
7571 31556
2170 26814
7273 30577
2744 28656
4785 27912
5051 31201
4890 30701
5372 28689
6489 33407
6904 27303
6360 31762
7851 27998
4637 28663
4998 26203
5563 33150
3811 29861
8254 31883
12123 27266
6271 30357
6236 30308
6369 30496
5466 28614
9493 30572
3281 29096
7681 26968
5239 25632
5520 27325
5385 25888
7373 29991
12924 30354
7243 38039
7165 40274
7463 34350
5225 35146
7470 32631
5422 30939
5660 32482
3801 30423
4975 29442
4688 30906
4963 29636
7715 26484
1176 30706
6155 28810
5229 30238
8831 26715
4953 29499
18978 26753
8211 31413
7874 29314
7301 30402
6634 26228
7423 32628
4126 31428
6959 32561
5114 27814
9119 31955
7484 29254
5878 27380
6160 30174
2250 31632
4433 28568
3816 30664
5832 29507
6507 30545
8207 28704
4558 29758
3954 28479
4200 31952
9149 31710
3659 30806
1637 29556
5197 30854
1144 26362
8616 30698
7159 27957
7927 26744
8328 24836
5247 30984
6009 28163
4269 29215
3050 26416
1138 28630
8007 24739
4021 30203
5234 30806
4898 30838
9811 28321
8806 27999
9542 25224
7983 27915
7765 26038
11343 29825
7260 26389
4290 30686
5103 28076
4998 30993
8401 36090
8258 46576
4219 38356
12123 34767
1443 30078
2631 29622
6920 31235
11376 30944
4261 33109
4303 30176
5184 29776
7596 26863
10284 32775
7571 29297
6216 30940
4530 28938
4619 30566
4497 30051
3908 29859
1505 31365
1571 30998
7247 28691
5452 33584
1226 27529
5048 31634
5613 29706
5739 32422
6290 31824
5845 31587
5199 30479
6520 28817
4036 29004
5575 30821
4111 29893
6399 31736
2091 26443
4949 32420
4595 28308
7625 32242
3603 28537
1742 30468
6688 29634
4271 28266
6153 29740
2204 30724
6123 28749
6322 31565
9755 28102
6182 31486
5658 27989
4506 30760
12671 29303
5630 39541
9241 29123
12227 30196
4588 27964
5272 29280
5717 32191
7145 31932
14023 26201
1317 31659
2558 26157
5412 32050
3686 27587
2531 32564
5833 40927
7826 37979
1894 34515
4911 30579
5297 33317
5565 31008
3714 32961
5869 32350
6054 29757
6380 26286
1514 31854
5690 28638
4029 30880
9436 28899
7789 32282
6825 27585
1792 30768
5111 26483
2093 32369
9994 31616
3906 31508
1562 29270
10963 29768
8778 31070
8622 30804
4699 27335
5349 30666
5846 28385
2827 30827
1197 27018
6698 30203
1350 26653
4791 31869
7481 25677
4768 28907
7050 27242
8309 31820
4042 25578
7767 31409
4221 29251
9981 27840
8488 29393
6430 28904
8061 26502
8388 30179
2255 25521
6334 29426
4942 28603
4577 28241
3995 27316
9217 31181
9820 30049
4826 30166
6174 26380
4758 28850
6331 29985
10978 32292
6100 26524
5766 32626
4409 27250
11287 35018
6347 30614
5658 33071
6192 29223
10583 41933
7205 33856
952 46509
6915 46481
3651 39133
5505 32593
6869 32728
4368 26758
3286 31949
5733 30919
1493 30574
8484 29576
4093 27374
4595 29782
6294 32329
4967 28827
8658 30937
4260 29719
6756 32048
5886 31022
6866 33360
3750 31054
5949 32172
5456 30217
2127 33537
4632 30648
3470 33234
6806 32022
17950 33204
9799 32308
3729 30514
3123 29195
4677 32784
7133 32305
7330 34490
3836 30536
7676 32348
5406 27406
3653 30544
12733 26968
5572 31906
9213 30326
5312 31934
4760 31094
3415 34086
5710 29495
11067 30185
4198 29993
6565 32168
4028 31939
4230 31899
3597 31571
6365 35486
6829 27927
6052 29915
14825 30457
2579 32538
8483 29937
7446 32609
6662 26716
4209 30641
7008 29482
5002 30171
3342 28615
841 35939
6090 39279
2776 43810
4069 32783
5382 35264
7206 29397
10498 29580
4497 31425
9347 31135
3722 30587
8413 26669
5006 30431
6839 27664
4651 28301
1543 25685
5978 30185
5350 31048
9574 31626
2377 26940
6725 29950
5405 29674
9301 32663
6685 27835
4675 30893
8592 30368
10916 28738
5579 26345
5420 31878
3687 29988
7315 33702
7006 37168
4486 34553
8124 33692
7920 34415
3196 32140
5524 33106
5906 34392
5085 32015
4857 32033
5683 32797
7064 28925
11426 31407
1343 29784
2372 31816
5228 32347
12707 32169
4375 32676
7240 33427
9912 30521
7121 35965
6783 29770
3030 37844
1541 35063
6116 39279
7075 36476
3733 36826
1447 35888
9771 32962
3632 35260
3585 34920
4994 34496
9088 37184
6077 45296
6148 48340
1717 37956
9169 40129
9548 37031
8917 37107
5286 35966
6537 37075
3623 34981
6887 37741
4824 36524
8395 34943
1841 33807
5227 35124
1829 37016
3796 34262
4402 34676
3190 34672
4808 35275
4875 37034
4463 32712
5738 35605
7039 34486
3348 32610
12462 31369
4159 34165
4370 33562
7773 32562
5164 30021
7094 34416
4465 29337
5326 35660
5580 33079
4999 34987
8625 32361
7705 31905
6632 30981
1516 35096
4057 32038
1767 34665
5660 32142
4173 33783
7035 31557
3573 33310
6350 32473
7557 31543
5394 31584
7126 34712
8515 29427
7647 34496
5219 31019
3570 33132
7368 34269
6912 36432
12380 32971
1821 42608
3468 40173
7438 42120
1259 47403
5937 43767
6081 47435
3480 45747
4981 44809
5119 38604
16877 41418
4553 38998
5257 42169
5766 45586
6037 41113
6120 38828
6778 38751
5035 40697
5676 40483
9537 41405
12126 45167
2588 42976
3633 44056
10092 42885
4690 41106
5970 38654
6127 38514
970 38491
7471 41506
6761 49665
5817 51104
6486 40886
4752 38448
4561 43273
6782 42374
5108 37310
6549 42445
6661 41414
7785 41855
5387 43161
5968 42031
3676 47420
1392 43298
4022 41627
4346 42403
7527 37125
11139 40090
4918 40655
4966 41733
2660 45175
7264 61446
4983 51231
2080 51528
3680 40539
4641 41267
7487 40996
3207 48183
6772 47868
4180 43135
7130 39573
3930 42253
5768 38791
5697 41077
1312 40178
7298 38757
2162 40054
10640 39300
3390 40096
3102 39583
4162 38171
3522 41206
4058 39592
12132 38964
4426 35896
4583 44717
5270 40790
1534 37930
8841 38484
6669 45237
6230 37773
5312 41270
7617 37437
6267 40978
5760 37392
9438 38884
1782 39387
7489 48638
7228 43456
11001 41863
4580 44339
3522 45988
5790 43408
6661 41135
4606 47008
4783 47855
12813 47616
6954 47340
1489 43945
3777 77061
17144 62591
3363 68269
12188 57877
4536 46236
6045 41825
4381 38644
1904 37619
2965 40766
1851 39473
3759 39471
7268 37488
5078 40762
9793 36562
13983 40899
4469 39158
9405 34328
1904 36173
4165 34832
5747 33150
4897 33952
6575 38884
3932 45575
5599 50569
6439 43473
7223 46576
16472 45253
4451 39245
8689 43368
3999 40387
8713 44371
6813 44952
6046 43471
5138 54111
4143 55225
7216 55147
3521 48072
7629 42173
6183 43195
10073 51401
13439 49039
834 48146
11231 45091
5888 46985
7612 55569
4582 48963
3361 40631
4200 44110
6017 39981
6174 43848
4690 48514
7786 43726
5554 41426
4116 41727
5490 59330
7033 44293
10059 40483
7199 38889
4369 42914
5963 37517
6245 41518
3841 38506
6001 37597
7159 32265
5863 34788
4523 30933
4845 34066
5284 32415
13938 36755
5726 40062
5024 37264
9264 33349
5378 32705
2319 31090
9001 34600
5251 32080
8112 33700
6696 30492
4503 34137
1632 35390
8027 30620
5894 29987
6825 30414
2303 28312
2736 32203
4004 31425
4132 31856
6098 31008
2006 31655
6109 29828
6155 33048
4090 31154
3803 34246
9861 33223
3763 30111
8666 30954
5170 30963
1536 34232
5191 41114
5921 41608
6313 35579
4547 35553
5760 36547
6040 29956
2493 31900
5939 28952
6857 32788
8188 28204
11122 29101
4093 30539
8551 30538
4537 28830
12083 31297
6057 28051
5840 29989
8078 31717
10007 31715
7384 29731
5190 32448
